State,City,Name,Language,Time(IST),Type,Price,Capacity,Booked
Telangana,Hyderabad,PlatinumMovietimeCinemaGachibowliSlnTerminus,Telugu,09:00,PlatinumPremiumRecliner,350₹,18,6
Telangana,Hyderabad,PlatinumMovietimeCinemaGachibowliSlnTerminus,Telugu,09:00,PlatinumRecliners,350₹,32,0
Karnataka,Bengaluru,PvrOrionUptownOldMadrasRoadBengaluru,Telugu,09:05,Classic,170₹,165,5
Karnataka,Bengaluru,PvrOrionUptownOldMadrasRoadBengaluru,Telugu,09:05,Recliner,370₹,12,0
Telangana,Hyderabad,PvrInorbitCyberabad,Telugu,10:00,Classic,150₹,161,24
Telangana,Hyderabad,PvrRkCineplexHyderabad,Telugu,10:00,Classic,150₹,429,37
Telangana,Hyderabad,PvrRkCineplexHyderabad,Telugu,10:00,Recliner,250₹,52,4
Telangana,Hyderabad,PvrForumSujanaMallKukatpallyHyderabad,Telugu,10:00,Classic,150₹,250,19
Telangana,Hyderabad,PvrForumSujanaMallKukatpallyHyderabad,Telugu,10:00,Recliner,250₹,12,12
Telangana,Hyderabad,InoxGsmMallHyderabad,Telugu,10:00,Royal,250₹,17,12
Telangana,Hyderabad,InoxGsmMallHyderabad,Telugu,10:00,Executive,150₹,386,77
AndhraPradesh,Vijayawada,PvrRipplesVijayawada,Telugu,10:00,Classic,177₹,232,17
AndhraPradesh,Vijayawada,PvrRipplesVijayawada,Telugu,10:00,Recliner,295₹,16,2
AndhraPradesh,Narsipatnam,PvrSreeKanyaNarsipatnam,Telugu,10:00,Classic,60₹,45,34
AndhraPradesh,Narsipatnam,PvrSreeKanyaNarsipatnam,Telugu,10:00,ClassicPlus,150₹,354,11
AndhraPradesh,Vijayawada,CinepolisPvpSquareMallVijayawada,Telugu,10:00,Normal,177₹,224,8
Telangana,Hyderabad,PvrMusarambaghHyderabad,Telugu,10:00,Classic,150₹,188,30
Telangana,Hyderabad,PvrMusarambaghHyderabad,Telugu,10:00,Recliner,250₹,8,7
Telangana,Hyderabad,MirajCinemasGeetaChandanagar,Telugu,10:00,Gold,250₹,86,0
Telangana,Hyderabad,MirajCinemasGeetaChandanagar,Telugu,10:00,Executive,150₹,349,8
AndhraPradesh,Vizianagaram,InoxNcsMallVizianagaram,Telugu,10:00,Exclusive,177₹,318,45
Telangana,Hyderabad,MirajCinemasA2ACentralMallBalanagar,Telugu,10:00,Executive,150₹,338,13
Telangana,Hyderabad,MirajCinemasA2ACentralMallBalanagar,Telugu,10:00,Gold,250₹,25,0
AndhraPradesh,VizagVisakhapatnam,InoxCmrCentralGajuwaka,Telugu,10:00,Royal,295₹,15,5
AndhraPradesh,VizagVisakhapatnam,InoxCmrCentralGajuwaka,Telugu,10:00,Executive,177₹,306,27
AndhraPradesh,Podalakur,JamunaComplexPodalakur,Telugu,10:00,Platinum,100₹,166,42
AndhraPradesh,Podalakur,JamunaComplexPodalakur,Telugu,10:00,Gold,80₹,60,0
AndhraPradesh,Vijayawada,InoxLeplIconPatamata,Telugu,10:05,Royal,295₹,21,9
AndhraPradesh,Vijayawada,InoxLeplIconPatamata,Telugu,10:05,Club,177₹,331,27
Telangana,Hyderabad,PvrAtriumGachibowliHyderabad,Telugu,10:10,Classic,150₹,276,22
Telangana,Hyderabad,PvrAtriumGachibowliHyderabad,Telugu,10:10,Recliner,250₹,16,2
AndhraPradesh,Guntur,PvrTheCinemaGuntur,Telugu,10:10,Premium,295₹,10,0
AndhraPradesh,Guntur,PvrTheCinemaGuntur,Telugu,10:10,Deluxe,177₹,170,23
Telangana,Hyderabad,PvrCentralMallPanjagutta,Telugu,10:10,Classic,150₹,416,41
Telangana,Hyderabad,PvrIconHitechMadhapurHyderabad,Telugu,10:10,Classic,150₹,289,5
Telangana,Hyderabad,PvrIconHitechMadhapurHyderabad,Telugu,10:10,Recliner,250₹,13,12
Telangana,Hyderabad,PvrIrrumManzilHyderabad,Telugu,10:10,Classic,150₹,264,19
Telangana,Hyderabad,PvrIrrumManzilHyderabad,Telugu,10:10,Recliner,250₹,18,7
AndhraPradesh,VizagVisakhapatnam,InoxCmrCentralMaddilapalem,Telugu,10:10,Executive,177₹,338,29
AndhraPradesh,VizagVisakhapatnam,InoxVarunBeachBeachRoad,Telugu,10:10,Royal,295₹,18,10
AndhraPradesh,VizagVisakhapatnam,InoxVarunBeachBeachRoad,Telugu,10:10,Excutive,177₹,245,18
AndhraPradesh,VizagVisakhapatnam,InoxVizagChitralayaMall,Telugu,10:10,Royale,295₹,15,6
AndhraPradesh,VizagVisakhapatnam,InoxVizagChitralayaMall,Telugu,10:10,Executive,177₹,320,27
AndhraPradesh,Vijayawada,InoxUrvasiComplexGandhiNagar,Telugu,10:15,Club,177₹,570,36
Telangana,Hyderabad,PvrForumSujanaMallKukatpallyHyderabad,Telugu,10:20,Classic,150₹,278,31
Telangana,Hyderabad,PvrForumSujanaMallKukatpallyHyderabad,Telugu,10:20,Recliner,250₹,13,13
Telangana,Hyderabad,PvrPrestonPrimeGachibowliHyderabad,Telugu,10:20,Classic,150₹,256,6
Telangana,Hyderabad,PvrNextGalleriaMallPanjagutta,Telugu,10:20,Classic,150₹,209,54
Telangana,Hyderabad,PvrNextGalleriaMallPanjagutta,Telugu,10:20,Recliner,250₹,11,10
Telangana,Hyderabad,PvrMallapurHyderabad,Telugu,10:20,Classic,150₹,196,4
AndhraPradesh,Nizamabad,PvrVenuMallNizamabad,Telugu,10:20,Classic,150₹,362,31
AndhraPradesh,Nizamabad,PvrVenuMallNizamabad,Telugu,10:20,Recliner,250₹,13,0
AndhraPradesh,Warangal,PvrMaddoxWarangal,Telugu,10:20,Classic,150₹,347,11
AndhraPradesh,VizagVisakhapatnam,CinepolisSreekanyaCineglitzMadhurawada,Telugu,10:20,Normal,177₹,38,3
AndhraPradesh,VizagVisakhapatnam,CinepolisSreekanyaCineglitzMadhurawada,Telugu,10:20,Executive,177₹,187,7
Telangana,Hyderabad,AsianMuktaCinemasA2MjrSquareNarapally,Telugu,10:25,Sofa,200₹,14,5
Telangana,Hyderabad,AsianMuktaCinemasA2MjrSquareNarapally,Telugu,10:25,Gold,150₹,133,30
Telangana,Hyderabad,AsianMuktaCinemasA2MjrSquareNarapally,Telugu,10:25,Loungers,150₹,12,0
Telangana,Hyderabad,MirajCinemasCineTownMiyapur,Telugu,10:30,Executive,150₹,408,7
Telangana,Hyderabad,MirajCinemasCineTownMiyapur,Telugu,10:30,Gold,235₹,22,0
Telangana,Hyderabad,MirajCinemasCineTownMiyapur,Telugu,10:30,Executivep,150₹,272,0
Orissa,Paralakhemundi,SkCinemaxParalakhemundi,Telugu,10:30,RoyalClass,120₹,225,0
Karnataka,Bengaluru,BhumikaDigital2KCinemaGandhinagar,Telugu,10:30,Balcony,150₹,318,86
Karnataka,Bengaluru,BhumikaDigital2KCinemaGandhinagar,Telugu,10:30,Middle,120₹,576,96
AndhraPradesh,Tekkali,SudarshanTheatreTekkali,Telugu,10:30,FirstClass,100₹,44,2
Telangana,Hyderabad,GprMultiplexNizampetHyderabad,Telugu,10:30,Sofa,250₹,25,2
Telangana,Hyderabad,GprMultiplexNizampetHyderabad,Telugu,10:30,Gold,200₹,658,11
Telangana,Hyderabad,AsianCineplanetMultiplexKompally,Telugu,10:30,Gold,170₹,359,68
Telangana,Hyderabad,CinepolisCcplMallMalkajgiriHyderabad,Telugu,10:30,Executive,150₹,143,22
AndhraPradesh,Palwancha,SriVenkateshwaraPalvancha,Telugu,10:30,Balcony,110₹,46,0
AndhraPradesh,Warangal,AsianSrideviMultiplexHanumakonda,Telugu,10:35,Gold,180₹,308,33
AndhraPradesh,Warangal,AsianSrideviMultiplexHanumakonda,Telugu,10:35,Silver,150₹,31,7
Telangana,Hyderabad,CinepolisDslVirtueMallUppalHyderabad,Telugu,10:35,Normal,150₹,35,0
Telangana,Hyderabad,CinepolisDslVirtueMallUppalHyderabad,Telugu,10:35,Executive,150₹,196,26
Telangana,Hyderabad,CinepolisDslVirtueMallUppalHyderabad,Telugu,10:35,Vip,250₹,14,14
Telangana,Hyderabad,InoxSattvaNecklaceMallKavadiguda,Telugu,10:35,Royal,250₹,16,8
Telangana,Hyderabad,InoxSattvaNecklaceMallKavadiguda,Telugu,10:35,Executive,150₹,287,37
Telangana,Hyderabad,InoxMaheshwari,Telugu,10:35,Executive,150₹,241,20
AndhraPradesh,Mangalagiri,UrvasiTheaterACDtsMangalagiri,Telugu,10:40,PreBal,112₹,92,6
AndhraPradesh,Mangalagiri,UrvasiTheaterACDtsMangalagiri,Telugu,10:40,PreSofa,112₹,68,0
AndhraPradesh,Mangalagiri,UrvasiTheaterACDtsMangalagiri,Telugu,10:40,Pre1st,112₹,198,0
AndhraPradesh,Mangalagiri,UrvasiTheaterACDtsMangalagiri,Telugu,10:40,NonPre2nd,78₹,119,36
Telangana,Hyderabad,AsianCineSquareMultiplexUppal,Telugu,10:40,Sofa,180₹,13,9
Telangana,Hyderabad,AsianCineSquareMultiplexUppal,Telugu,10:40,Gold,150₹,184,23
AndhraPradesh,Karimnagar,AsianMuktaA2SrinivasaTheatreKarimnagar,Telugu,10:40,Premium,195₹,24,14
AndhraPradesh,Karimnagar,AsianMuktaA2SrinivasaTheatreKarimnagar,Telugu,10:40,Gold,150₹,234,3
AndhraPradesh,Karimnagar,AsianMuktaA2SrinivasaTheatreKarimnagar,Telugu,10:40,Silver,112₹,78,5
Telangana,Hyderabad,AsianRadhikaMultiplexEcil,Telugu,10:40,Gold,180₹,360,73
Telangana,Hyderabad,CinepolisMantraMallAttapur,Telugu,10:40,Normal,150₹,203,27
Telangana,Hyderabad,CinepolisMantraMallAttapur,Telugu,10:40,Vip,250₹,12,2
Telangana,Hyderabad,MirajCinemasShaliniShivaniHyderabad,Telugu,10:40,Executive,150₹,579,26
Telangana,Hyderabad,MirajCinemasShaliniShivaniHyderabad,Telugu,10:40,Gold,250₹,29,20
AndhraPradesh,Kalwakurthy,AshokaCinemaKalwakurthy,Telugu,10:45,Platinum,100₹,383,102
AndhraPradesh,VizagVisakhapatnam,NarasimhaAC2KDolbyGopalapatnam,Telugu,10:45,Premium,112₹,180,3
AndhraPradesh,Yellandu,LalithaKalaMandirYellandu,Telugu,10:45,BoxA,110₹,10,0
AndhraPradesh,Yellandu,LalithaKalaMandirYellandu,Telugu,10:45,ReservedClass,110₹,56,0
AndhraPradesh,Vijayawada,CinepolisPowerOneMallVijayawada,Telugu,10:45,Normal,147₹,36,2
AndhraPradesh,Vijayawada,CinepolisPowerOneMallVijayawada,Telugu,10:45,Executive,147₹,75,2
AndhraPradesh,Vijayawada,CinepolisPowerOneMallVijayawada,Telugu,10:45,Premium,147₹,182,24
AndhraPradesh,Nizamabad,AsianUshaPrasadMultiplexNizamabad,Telugu,10:45,Gold,150₹,256,6
AndhraPradesh,Nizamabad,AsianUshaPrasadMultiplexNizamabad,Telugu,10:45,Silver,112₹,34,0
AndhraPradesh,Narasannapeta,SreeDeviPicturePalaceNarasannapeta,Telugu,10:45,Premium,100₹,115,0
AndhraPradesh,Narasannapeta,SreeDeviPicturePalaceNarasannapeta,Telugu,10:45,NonPremium2Cl,80₹,115,0
Telangana,Hyderabad,BvkMultiplexVijayalakshmiLbNagar,Telugu,10:45,BoxA,250₹,24,0
Telangana,Hyderabad,BvkMultiplexVijayalakshmiLbNagar,Telugu,10:45,BoxB,250₹,24,1
Telangana,Hyderabad,BvkMultiplexVijayalakshmiLbNagar,Telugu,10:45,Balcony,200₹,596,18
Telangana,Hyderabad,AmbCinemasGachibowli,Telugu,10:50,Platinum,350₹,10,10
Telangana,Hyderabad,AmbCinemasGachibowli,Telugu,10:50,Gold,295₹,192,57
Telangana,Hyderabad,AmbCinemasGachibowli,Telugu,10:50,Loungers,295₹,12,2
Telangana,Hyderabad,MovietimeCinemasAmeerpetHyderabad,Telugu,10:50,SilverClass,150₹,372,16
AndhraPradesh,Narsampet,JayasriTalkiesNarsampet,Telugu,11:00,BoxA,100₹,16,0
Telangana,Hyderabad,SriKrishna70MmUppal,Telugu,11:00,LowerBalcony,110₹,256,0
Telangana,Hyderabad,SriKrishna70MmUppal,Telugu,11:00,DressCircle,80₹,260,0
AndhraPradesh,Vijayawada,SivakrishnaCinemasAC2KDtsKondapalli,Telugu,11:00,Prime,100₹,263,5
Telangana,Hyderabad,SvCinesquarePatancheru,Telugu,11:00,Balcony,150₹,518,0
AndhraPradesh,Madanapalle,RaviTheatreAC4KDolby71Madanapalle,Telugu,11:00,Balcony,112₹,132,61
AndhraPradesh,Madanapalle,RaviTheatreAC4KDolby71Madanapalle,Telugu,11:00,Reserved,112₹,213,34
AndhraPradesh,Madanapalle,RaviTheatreAC4KDolby71Madanapalle,Telugu,11:00,FirstClass,112₹,112,0
AndhraPradesh,Madanapalle,RaviTheatreAC4KDolby71Madanapalle,Telugu,11:00,SecondClass,89₹,180,12
Telangana,Hyderabad,Vijetha70Mm4KAtmosBorabanda,Telugu,11:00,Balcony,150₹,432,56
Telangana,Hyderabad,Vijetha70Mm4KAtmosBorabanda,Telugu,11:00,DressCircle,80₹,182,26
AndhraPradesh,RajamahendravaramRajahmundry,MuralikrishnaCinemaAC4K3DDowlaiswaram,Telugu,11:00,Balcony,110₹,321,22
AndhraPradesh,RajamahendravaramRajahmundry,MuralikrishnaCinemaAC4K3DDowlaiswaram,Telugu,11:00,SecondClass,70₹,113,9
Telangana,Hyderabad,Sudarshan35Mm4KLaserDolbyAtmosRtcXRoads,Telugu,11:00,UpperBalcony,150₹,465,7
Telangana,Hyderabad,Sudarshan35Mm4KLaserDolbyAtmosRtcXRoads,Telugu,11:00,LowerBalcony,150₹,232,0
Telangana,Hyderabad,Sudarshan35Mm4KLaserDolbyAtmosRtcXRoads,Telugu,11:00,FirstClass,110₹,124,2
Telangana,Hyderabad,Sudarshan35Mm4KLaserDolbyAtmosRtcXRoads,Telugu,11:00,SecondClass,55₹,250,0
AndhraPradesh,Warangal,BhavaniPicturePalaceKazipet,Telugu,11:00,Balcony,110₹,48,0
Telangana,Hyderabad,AlankarPratapTheatreLangerHouse,Telugu,11:00,Balcony,150₹,48,2
Telangana,Hyderabad,AlankarPratapTheatreLangerHouse,Telugu,11:00,Balcony,150₹,270,4
AndhraPradesh,Kamareddy,AsianDarshanKamareddy,Telugu,11:00,Gold,110₹,472,90
Telangana,Hyderabad,AsianMukundCinemaMedchal,Telugu,11:00,Gold,110₹,519,40
Telangana,Hyderabad,AsianMukundCinemaMedchal,Telugu,11:00,Lounger,150₹,20,12
AndhraPradesh,Huzurnagar,SrinivasaPicturePalaceHuzurnagar,Telugu,11:00,Balcony,110₹,491,0
AndhraPradesh,Huzurnagar,SrinivasaPicturePalaceHuzurnagar,Telugu,11:00,SecondClass,110₹,491,0
AndhraPradesh,Aswaraopeta,LakshmiSrinivasaTalkiesAswaraopeta,Telugu,11:00,Balcony,100₹,160,0
AndhraPradesh,Rampachodavaram,LalithaTalkies2KACDtsRampachodavaram,Telugu,11:00,FirstClass,100₹,393,18
AndhraPradesh,Rampachodavaram,LalithaTalkies2KACDtsRampachodavaram,Telugu,11:00,SecondClass,80₹,48,0
AndhraPradesh,Markapur,JagadeeswariTheatreAC4KDolbyAtmosMarkapur,Telugu,11:00,FirstClass,100₹,483,78
Telangana,Manuguru,SriSatyaBhaskaraPicturePalaceManuguru,Telugu,11:00,Balcony,100₹,268,28
Telangana,Hyderabad,VyjayanthiCinemaAC2KNacharam,Telugu,11:00,Balcony,150₹,283,3
Telangana,Hyderabad,VyjayanthiCinemaAC2KNacharam,Telugu,11:00,FirstClass,100₹,142,0
AndhraPradesh,Vikarabad,AsianSailajaVikarabad,Telugu,11:00,Gold,110₹,377,74
AndhraPradesh,Vikarabad,AsianSailajaVikarabad,Telugu,11:00,Silver,80₹,66,1
AndhraPradesh,Sircilla,AsianNatrajDeluxeTheatreACSircilla,Telugu,11:00,Balcony,110₹,491,69
AndhraPradesh,Sircilla,AsianNatrajDeluxeTheatreACSircilla,Telugu,11:00,LowerClass,50₹,109,0
AndhraPradesh,RajamahendravaramRajahmundry,VsMahal4KDolbyAtmosNamavaramRajahmundry,Telugu,11:00,FirstClass,110₹,321,23
AndhraPradesh,Pileru,CsnCinemaShukurPicturePalacePileru,Telugu,11:00,Diamond,100₹,318,2
AndhraPradesh,Pileru,CsnCinemaShukurPicturePalacePileru,Telugu,11:00,Gold,100₹,46,0
AndhraPradesh,Vemulawada,ShivaRamaKrishnaTheatreVemulawada,Telugu,11:00,Balcony,100₹,104,0
AndhraPradesh,Metpally,AsianSaiKrishnaMetpally,Telugu,11:00,UpperBalcony,110₹,137,53
AndhraPradesh,Metpally,AsianSaiKrishnaMetpally,Telugu,11:00,Gold,110₹,295,6
AndhraPradesh,Metpally,AsianSaiKrishnaMetpally,Telugu,11:00,Silver,80₹,92,5
AndhraPradesh,Medak,AsianSaiDattaPicturePalaceMedak,Telugu,11:00,Gold,110₹,427,111
AndhraPradesh,Siddipet,AsianSrinivasaDeluxeSiddipet,Telugu,11:00,Balcony,110₹,307,8
AndhraPradesh,Siddipet,AsianSrinivasaDeluxeSiddipet,Telugu,11:00,FirstClass,90₹,182,0
AndhraPradesh,Bhadrachalam,AsianUdayBhaskarBhadrachalam,Telugu,11:00,Balcony,110₹,505,96
AndhraPradesh,Bhadrachalam,AsianUdayBhaskarBhadrachalam,Telugu,11:00,ReservedClass,80₹,54,0
AndhraPradesh,Sadasivpet,AsianMaheshwariSadasivpet,Telugu,11:00,Gold,110₹,501,82
AndhraPradesh,Sadasivpet,AsianMaheshwariSadasivpet,Telugu,11:00,Silver,80₹,59,0
Telangana,Hyderabad,SaiRangaMiyapur,Telugu,11:00,UpperBalcony,150₹,305,9
Telangana,Hyderabad,SaiRangaMiyapur,Telugu,11:00,LowerBalcony,150₹,374,0
Telangana,Hyderabad,SaiRangaMiyapur,Telugu,11:00,DressCircle,100₹,168,14
Telangana,Hyderabad,SaiRangaMiyapur,Telugu,11:00,LowerClass,50₹,208,8
Telangana,Hyderabad,BrHitech70MmMadhapur,Telugu,11:00,Box,110₹,60,60
Telangana,Hyderabad,BrHitech70MmMadhapur,Telugu,11:00,ReservedClass,110₹,321,90
Telangana,Hyderabad,BrHitech70MmMadhapur,Telugu,11:00,SecondClass,80₹,232,11
Telangana,Hyderabad,BrHitech70MmMadhapur,Telugu,11:00,ThirdClass,50₹,83,4
Telangana,Hyderabad,RangaTheatre70MmJeedimetla,Telugu,11:00,Balcony,110₹,553,238
Telangana,Hyderabad,RangaTheatre70MmJeedimetla,Telugu,11:00,1stClass,80₹,510,208
AndhraPradesh,Wanaparthy,SriRama70MmACDtsWanaparthy,Telugu,11:00,FirstClass,110₹,147,0
AndhraPradesh,Gollaprolu,SriGovindaMahalGollaprolu,Telugu,11:00,Gold,100₹,327,48
AndhraPradesh,Uppada,SrinivasaTheatreACDtsUppada,Telugu,11:00,FirstClass,100₹,36,0
Telangana,Hyderabad,Sharada70MmKapra,Telugu,11:00,Balcony,110₹,200,2
Telangana,Hyderabad,Sharada70MmKapra,Telugu,11:00,DressCircle,80₹,85,0
AndhraPradesh,Kalla,SriLakshmiCinemaxACDtsKalla,Telugu,11:00,FirstClass,100₹,40,0
Telangana,Hyderabad,SreeSaiPujaSuraram,Telugu,11:00,BalconyMaharaja,110₹,384,174
Telangana,Hyderabad,SreeSaiPujaSuraram,Telugu,11:00,LowerBalconyRaja,80₹,325,160
Telangana,Hyderabad,SushmaCinemaVanasthalipuram,Telugu,11:00,Balcony,150₹,204,0
Telangana,Hyderabad,SushmaCinemaVanasthalipuram,Telugu,11:00,DressCircle,110₹,32,0
AndhraPradesh,RajamahendravaramRajahmundry,GeethaApsaraTheatreRajahmundry,Telugu,11:00,Premium,112₹,443,0
AndhraPradesh,RajamahendravaramRajahmundry,GeethaApsaraTheatreRajahmundry,Telugu,11:00,NonPremium,75₹,443,0
AndhraPradesh,Vijayawada,BalajiIconiaAC4KDolbySurroundIbrahimpatnam,Telugu,11:00,Gold,295₹,18,0
AndhraPradesh,Vijayawada,BalajiIconiaAC4KDolbySurroundIbrahimpatnam,Telugu,11:00,Silver,120₹,315,24
AndhraPradesh,Vizianagaram,SriVenkateswaraACDolbyDtsSKota,Telugu,11:00,FirstClass,100₹,380,28
AndhraPradesh,Valluru,VijayaKrishnaTheaterValluru,Telugu,11:00,FirstClass,100₹,36,0
AndhraPradesh,Chintalapudi,SriRatnaPicturePalaceChintalapudi,Telugu,11:00,DressCircle,120₹,110,0
AndhraPradesh,Chintalapudi,SriRatnaPicturePalaceChintalapudi,Telugu,11:00,SecondClass,100₹,98,0
AndhraPradesh,Palakollu,AdabalaTheatreScreen1Palakollu,Telugu,11:00,FirstClass,150₹,154,61
AndhraPradesh,Bhimadole,SriSrinivasMahalBhimadole,Telugu,11:00,Balcony,100₹,100,0
AndhraPradesh,Koyyalagudem,MahaLakshmiTheatreKoyyalagudem,Telugu,11:00,Balcony,100₹,40,0
AndhraPradesh,Cherial,VbkMaxCherial,Telugu,11:00,Balcony,100₹,120,0
AndhraPradesh,Devarapalli,TrinadhTheatreACDevarapalli,Telugu,11:00,FirstClass,100₹,39,0
AndhraPradesh,Khammam,Vinoda2KDolbyAtmosKhammam,Telugu,11:00,GoldUpper,110₹,155,62
AndhraPradesh,Khammam,Vinoda2KDolbyAtmosKhammam,Telugu,11:00,GoldLower,110₹,368,4
AndhraPradesh,Khammam,Vinoda2KDolbyAtmosKhammam,Telugu,11:00,Silver,80₹,96,16
AndhraPradesh,Khammam,Vinoda2KDolbyAtmosKhammam,Telugu,11:00,FirstClass,50₹,155,71
AndhraPradesh,Dubbaka,SrinivasaTheatreDubbaka,Telugu,11:00,Balcony,100₹,100,0
AndhraPradesh,Dubbaka,SrinivasaTheatreDubbaka,Telugu,11:00,SecondClass,100₹,100,0
AndhraPradesh,Cherla,RaghuPicturePalaceCherla,Telugu,11:00,Balcony,100₹,30,0
AndhraPradesh,Chagallu,VenkataKrishnaTheatreVMaxChagallu,Telugu,11:00,FirstClass,100₹,156,0
AndhraPradesh,Bhupalpalle,UrvashiTheatreBhupalpalle,Telugu,11:00,Balcony,100₹,40,0
AndhraPradesh,Nalgonda,VenkateswaraTheatreNalgonda,Telugu,11:00,Balcony,110₹,538,0
AndhraPradesh,Nalgonda,VenkateswaraTheatreNalgonda,Telugu,11:00,SecondClass,50₹,538,0
Telangana,Hyderabad,JyothiCinemaIdaBolaram,Telugu,11:00,Balcony,100₹,53,0
AndhraPradesh,Kothapeta,RsMiniplexKothapeta,Telugu,11:00,FirstClass,100₹,166,40
AndhraPradesh,Penuganchiprolu,SriVenkateswaraACDolbySoundPenuganchiprolu,Telugu,11:00,Balcony,100₹,288,0
AndhraPradesh,Penuganchiprolu,SriVenkateswaraACDolbySoundPenuganchiprolu,Telugu,11:00,FirstClass,100₹,77,0
AndhraPradesh,Shadnagar,Parameswara70MmShadnagar,Telugu,11:00,Balcony,110₹,330,3
AndhraPradesh,Shadnagar,Parameswara70MmShadnagar,Telugu,11:00,DressCircle,80₹,224,2
AndhraPradesh,Shadnagar,Parameswara70MmShadnagar,Telugu,11:00,ThirdClass,50₹,100,1
AndhraPradesh,Nakrekal,SriVenkateswaraTheatre70MmAcNakrekal,Telugu,11:00,Balcony,100₹,179,0
AndhraPradesh,Nakrekal,SriVenkateswaraTheatre70MmAcNakrekal,Telugu,11:00,ReservedClass,80₹,179,0
AndhraPradesh,Nakrekal,SriVenkateswaraTheatre70MmAcNakrekal,Telugu,11:00,FirsClasss,50₹,179,0
AndhraPradesh,Kamareddy,SangamDeluxeDomakondaKamareddy,Telugu,11:00,Balcony,100₹,150,0
AndhraPradesh,Mahabubabad,LaxmiKalamandir2KDolby71ACMahabubabad,Telugu,11:00,Bolcony,110₹,351,88
AndhraPradesh,Mahabubabad,LaxmiKalamandir2KDolby71ACMahabubabad,Telugu,11:00,FirstClass,80₹,87,2
AndhraPradesh,Suryapet,NavyaTheatreSuryapet,Telugu,11:00,Balcony,110₹,44,0
AndhraPradesh,Suryapet,NavyaTheatreSuryapet,Telugu,11:00,LowerBalcony,110₹,65,0
AndhraPradesh,Suryapet,NavyaTheatreSuryapet,Telugu,11:00,SecondClass,80₹,52,0
AndhraPradesh,Eluru,AmbicaDeluxEluru,Telugu,11:00,FirstClass,150₹,57,3
Telangana,Hyderabad,SantoshTheatreIbrahimpatnam,Telugu,11:00,Box,100₹,94,0
Telangana,Hyderabad,SantoshTheatreIbrahimpatnam,Telugu,11:00,Balcony,100₹,300,0
Telangana,Jadcherla,Srinvasa70MmACJadcherla,Telugu,11:00,Balcony,110₹,235,0
AndhraPradesh,Bichkunda,ParameswariTheatreBichkunda,Telugu,11:00,Box,100₹,58,0
AndhraPradesh,Jagtial,DurgaRajaKalamandirJagtial,Telugu,11:00,Deluxe,110₹,405,28
AndhraPradesh,Anaparthi,SriSatyaGowriTheatreAnaparthi,Telugu,11:00,FirstClass,100₹,56,0
AndhraPradesh,Anaparthi,SriSatyaGowriTheatreAnaparthi,Telugu,11:00,SecondClass,70₹,56,0
AndhraPradesh,Giddalur,SrinivasaTheaterGiddalur,Telugu,11:00,Platinum,100₹,374,62
AndhraPradesh,VizagVisakhapatnam,TataPicturePalaceACDtsThagarapuvalasa,Telugu,11:00,PremiumClass,145₹,382,80
AndhraPradesh,VizagVisakhapatnam,TataPicturePalaceACDtsThagarapuvalasa,Telugu,11:00,SecondClass,100₹,146,70
AndhraPradesh,Chennur,SrinivasaTheaterChennur,Telugu,11:00,UpperBalcony,100₹,84,0
AndhraPradesh,Chennur,SrinivasaTheaterChennur,Telugu,11:00,LowerBalcony,100₹,34,0
AndhraPradesh,StationGhanpur,MahalaxmiCinemasStationGhanpur,Telugu,11:00,Platinum,100₹,96,0
AndhraPradesh,Vinukonda,KeerthiCinemasVinukonda,Telugu,11:00,FirstClass,100₹,108,7
AndhraPradesh,Vinukonda,KeerthiCinemasVinukonda,Telugu,11:00,SecondClass,100₹,96,0
AndhraPradesh,Vinukonda,KeerthiCinemasVinukonda,Telugu,11:00,ThirdClass,100₹,70,0
AndhraPradesh,Jammikunta,HariHaraTalkiesJammikunta,Telugu,11:00,Balcony,100₹,130,0
AndhraPradesh,Kodad,ConnplexSmartTheatreKodad,Telugu,11:00,Miller,150₹,50,0
AndhraPradesh,Kodad,ConnplexSmartTheatreKodad,Telugu,11:00,Lounger,150₹,12,0
AndhraPradesh,Karimnagar,SriThirumalaTheatreKarimnagar,Telugu,11:00,Balcony,110₹,464,0
AndhraPradesh,Karimnagar,SriThirumalaTheatreKarimnagar,Telugu,11:00,DressCircle,80₹,120,0
AndhraPradesh,Vijayawada,RamgopalTheaterVijayawada,Telugu,11:00,Balcony,65₹,63,0
AndhraPradesh,Vijayawada,RamgopalTheaterVijayawada,Telugu,11:00,FirstClass,65₹,67,0
AndhraPradesh,Dornakal,LaxmiTalkiesDornakal,Telugu,11:00,Balcony,70₹,160,0
AndhraPradesh,Zaheerabad,AsianMaheshwari70MmACDtsZaheerabad,Telugu,11:00,Gold,110₹,336,146
AndhraPradesh,Zaheerabad,AsianMaheshwari70MmACDtsZaheerabad,Telugu,11:00,Silver,80₹,262,1
AndhraPradesh,VizagVisakhapatnam,SriLakshmiNarasimhaPicturePalace104Area,Telugu,11:00,FirstClass,145₹,54,1
AndhraPradesh,Peddapuram,LalithaSriLalithaTheatrePeddapuram,Telugu,11:00,FirstClass,100₹,118,0
AndhraPradesh,Peddapuram,LalithaSriLalithaTheatrePeddapuram,Telugu,11:00,SecondClass,70₹,118,0
AndhraPradesh,Puttur,VishnuMahalTheaterPuttur,Telugu,11:00,PremiumClass,120₹,446,0
AndhraPradesh,Mancherial,DeviTirumalaComplexMancherial,Telugu,11:00,Balcony,110₹,252,0
AndhraPradesh,Mancherial,DeviTirumalaComplexMancherial,Telugu,11:00,FirstClass,70₹,252,0
AndhraPradesh,Vizianagaram,SriLeelaMahalACDtsVizianagaram,Telugu,11:00,Balcony,112₹,499,234
AndhraPradesh,Vizianagaram,SriLeelaMahalACDtsVizianagaram,Telugu,11:00,ThirdClass,78₹,167,148
AndhraPradesh,Kaikaluru,SriVijayalakshmiTheatreKaikalur,Telugu,11:00,Box,100₹,81,0
AndhraPradesh,Kaikaluru,SriVijayalakshmiTheatreKaikalur,Telugu,11:00,Sofa,100₹,81,0
AndhraPradesh,Kaikaluru,SriVijayalakshmiTheatreKaikalur,Telugu,11:00,FirstClass,100₹,81,0
AndhraPradesh,Kaikaluru,SriVijayalakshmiTheatreKaikalur,Telugu,11:00,SecondClass,78₹,81,0
AndhraPradesh,VizagVisakhapatnam,Jagadamba4KVizag,Telugu,11:00,1Premium,145₹,276,198
AndhraPradesh,VizagVisakhapatnam,Jagadamba4KVizag,Telugu,11:00,2Premium,145₹,310,173
AndhraPradesh,VizagVisakhapatnam,Jagadamba4KVizag,Telugu,11:00,1NonPremium,100₹,217,123
AndhraPradesh,VizagVisakhapatnam,Jagadamba4KVizag,Telugu,11:00,2NonPremium,100₹,213,108
Telangana,Hyderabad,AsianMCubeMallAttapur,Telugu,11:00,Gold,150₹,356,25
Telangana,Hyderabad,TivoliCinemasSecunderabad,Telugu,11:00,GoldUpper,180₹,383,63
Telangana,Hyderabad,TivoliCinemasSecunderabad,Telugu,11:00,GoldLower,180₹,376,0
Telangana,Hyderabad,AsianGanga4KDilsukhnagar,Telugu,11:00,BoxA,150₹,27,27
Telangana,Hyderabad,AsianGanga4KDilsukhnagar,Telugu,11:00,BoxB,150₹,26,26
Telangana,Hyderabad,AsianGanga4KDilsukhnagar,Telugu,11:00,Balcony,150₹,537,29
Telangana,Hyderabad,AsianGanga4KDilsukhnagar,Telugu,11:00,FirstClass,110₹,170,17
AndhraPradesh,Gummadidala,SriVenkateshwaraTalkiesGummadidala,Telugu,11:00,Balcony,100₹,135,0
AndhraPradesh,Macherla,NagarjunaKalamandirMacherla,Telugu,11:00,AClass,100₹,421,0
AndhraPradesh,Macherla,NagarjunaKalamandirMacherla,Telugu,11:00,BClass,100₹,421,0
AndhraPradesh,Macherla,NagarjunaKalamandirMacherla,Telugu,11:00,CClass,100₹,421,0
AndhraPradesh,Macherla,NagarjunaKalamandirMacherla,Telugu,11:00,DClass,100₹,421,0
AndhraPradesh,Jaggampeta,SriRajaveniTheatreJaggampeta,Telugu,11:00,FirstClass,100₹,200,0
AndhraPradesh,Chodavaram,LakshmiTheatreChodavaram,Telugu,11:00,GoldClass,100₹,95,0
AndhraPradesh,Chodavaram,LakshmiTheatreChodavaram,Telugu,11:00,SilverClass,60₹,95,0
AndhraPradesh,Warangal,AmruthaCinemaHanumakonda,Telugu,11:00,UpperBalcony,110₹,376,145
AndhraPradesh,Warangal,AmruthaCinemaHanumakonda,Telugu,11:00,LowerBalcony,100₹,192,36
AndhraPradesh,Warangal,AmruthaCinemaHanumakonda,Telugu,11:00,DressCircle,80₹,116,7
AndhraPradesh,Warangal,AmruthaCinemaHanumakonda,Telugu,11:00,FirstClass,50₹,170,8
AndhraPradesh,VizagVisakhapatnam,KinneraCinemaMaddilapalem,Telugu,11:00,Premium,145₹,60,0
Karnataka,Bengaluru,SriRenukaPrasannaTheatreJPNagar,Telugu,11:00,Gold,150₹,261,9
Karnataka,Bengaluru,SriRenukaPrasannaTheatreJPNagar,Telugu,11:00,Silver,120₹,481,1
AndhraPradesh,Anakapalle,StblCineWorldAtchutapuram,Telugu,11:00,SofaSeats,100₹,163,0
AndhraPradesh,Anakapalle,StblCineWorldAtchutapuram,Telugu,11:00,Premium,100₹,163,0
AndhraPradesh,Anakapalle,StblCineWorldAtchutapuram,Telugu,11:00,Executive,70₹,163,0
AndhraPradesh,Nuzvid,DwarakaCinemas4KDolbyAtmosNuzvid,Telugu,11:00,Platinum,148₹,217,1
AndhraPradesh,Nuzvid,DwarakaCinemas4KDolbyAtmosNuzvid,Telugu,11:00,Gold,148₹,52,0
AndhraPradesh,Nuzvid,DwarakaCinemas4KDolbyAtmosNuzvid,Telugu,11:00,Silver,100₹,46,5
AndhraPradesh,VizagVisakhapatnam,StblCineWorldSheelanagarVizag,Telugu,11:00,Sofa,145₹,20,20
AndhraPradesh,VizagVisakhapatnam,StblCineWorldSheelanagarVizag,Telugu,11:00,PremiumClass,145₹,249,8
AndhraPradesh,VizagVisakhapatnam,StblCineWorldSheelanagarVizag,Telugu,11:00,ExecutiveClass,100₹,65,8
AndhraPradesh,Narsipatnam,BangarajuPicturePalaceACDtsNarsipatnam,Telugu,11:00,FirstClass,112₹,343,0
AndhraPradesh,Narsipatnam,BangarajuPicturePalaceACDtsNarsipatnam,Telugu,11:00,ThirdClass,70₹,343,0
AndhraPradesh,VizagVisakhapatnam,StblCineWorldMadhurawadaVizag,Telugu,11:00,Recliners,250₹,400,0
AndhraPradesh,VizagVisakhapatnam,StblCineWorldMadhurawadaVizag,Telugu,11:00,Premium,145₹,400,0
AndhraPradesh,VizagVisakhapatnam,StblCineWorldMadhurawadaVizag,Telugu,11:00,Executive,100₹,400,0
AndhraPradesh,Sompeta,SksSivaMaxACSompeta,Telugu,11:00,FirstClass,100₹,372,122
AndhraPradesh,Sompeta,SksSivaMaxACSompeta,Telugu,11:00,SecondClass,100₹,24,0
AndhraPradesh,Sompeta,SksSivaMaxACSompeta,Telugu,11:00,ThirdClass,100₹,108,0
AndhraPradesh,Nallajerla,SriLakshmiMultiplexNovaCinemazNallajerla,Telugu,11:00,Gold,295₹,19,4
AndhraPradesh,Nallajerla,SriLakshmiMultiplexNovaCinemazNallajerla,Telugu,11:00,Executives,120₹,162,3
AndhraPradesh,Nallajerla,SriLakshmiMultiplexNovaCinemazNallajerla,Telugu,11:00,Loungers,295₹,18,2
AndhraPradesh,Kovvur,AnanyaCinemasKovvur,Telugu,11:10,FirstClass,112₹,289,30
AndhraPradesh,Kovvur,AnanyaCinemasKovvur,Telugu,11:10,SecondClass,80₹,105,13
AndhraPradesh,Kovvur,AnanyaCinemasKovvur,Telugu,11:10,Recliner,250₹,10,0
AndhraPradesh,Vatsavai,SriVenkateswaraTalkiesACVatsavai,Telugu,11:10,Premium,100₹,196,0
AndhraPradesh,Vatsavai,SriVenkateswaraTalkiesACVatsavai,Telugu,11:10,NonPremium,60₹,71,0
,Krosuru,SriVenkateswaraACDtsKrosuru,Telugu,11:10,ReservedClass,100₹,120,0
AndhraPradesh,Chittoor,MsrMovieLandAC2KDolby74SurroundChittoor,Telugu,11:10,Balcony,145₹,190,1
AndhraPradesh,Chittoor,MsrMovieLandAC2KDolby74SurroundChittoor,Telugu,11:10,FirstClass,110₹,274,0
AndhraPradesh,Chittoor,MsrMovieLandAC2KDolby74SurroundChittoor,Telugu,11:10,SecondClass,110₹,180,0
AndhraPradesh,Ravulapalem,PadmasriPicturePalaceRavulapalem,Telugu,11:10,FirstClass,100₹,180,0
AndhraPradesh,Ravulapalem,PadmasriPicturePalaceRavulapalem,Telugu,11:10,1stClass,100₹,180,0
AndhraPradesh,Ravulapalem,PadmasriPicturePalaceRavulapalem,Telugu,11:10,ThirdClass,100₹,180,0
AndhraPradesh,Amalapuram,VenkataramaACDts2KAmalapuram,Telugu,11:15,Platinum,110₹,366,65
Telangana,Hyderabad,Vimal70MmBalanagar,Telugu,11:15,DiamondCircle,150₹,246,0
Telangana,Hyderabad,Vimal70MmBalanagar,Telugu,11:15,FirstClass,100₹,78,0
AndhraPradesh,RajamahendravaramRajahmundry,SriVenkataSuryaPicturePalace2KKadiam,Telugu,11:15,FirstClass,100₹,291,23
AndhraPradesh,RajamahendravaramRajahmundry,SriVenkataSuryaPicturePalace2KKadiam,Telugu,11:15,SecondClass,70₹,96,4
AndhraPradesh,Tallapudi,SriSaiTejaTheatreTallapudi,Telugu,11:15,FirstClass,100₹,162,0
AndhraPradesh,Tallapudi,SriSaiTejaTheatreTallapudi,Telugu,11:15,SecondClass,70₹,21,0
AndhraPradesh,Tallapudi,SriSaiTejaTheatreTallapudi,Telugu,11:15,ThirdClass,70₹,54,0
Telangana,Hyderabad,Gokul70MmErragadda,Telugu,11:15,UpperBalcony,150₹,340,33
Telangana,Hyderabad,Gokul70MmErragadda,Telugu,11:15,LowerBalcony,150₹,262,3
Telangana,Hyderabad,Gokul70MmErragadda,Telugu,11:15,FirstClass,100₹,174,33
Telangana,Hyderabad,Gokul70MmErragadda,Telugu,11:15,SecondClass,50₹,205,42
AndhraPradesh,Vijayawada,ApsaraCinemaHouseVijayawada,Telugu,11:15,Balcony,110₹,250,62
AndhraPradesh,Vijayawada,ApsaraCinemaHouseVijayawada,Telugu,11:15,DressCircle,110₹,62,14
AndhraPradesh,Vijayawada,ApsaraCinemaHouseVijayawada,Telugu,11:15,FirstClass,90₹,369,54
AndhraPradesh,Vijayawada,ApsaraCinemaHouseVijayawada,Telugu,11:15,SecondClass,70₹,227,83
AndhraPradesh,Haliya,AcchiReddyTheaterACDolbyDtsHaliya,Telugu,11:15,Balcony,100₹,84,22
AndhraPradesh,Haliya,AcchiReddyTheaterACDolbyDtsHaliya,Telugu,11:15,LowerBalcony,100₹,120,54
AndhraPradesh,Haliya,AcchiReddyTheaterACDolbyDtsHaliya,Telugu,11:15,FirstClass,70₹,152,11
Telangana,Hyderabad,AsianSwapna70MmKatedan,Telugu,11:15,Platinum,110₹,323,5
Telangana,Hyderabad,AsianSwapna70MmKatedan,Telugu,11:15,Gold,80₹,189,3
Telangana,Hyderabad,Ganesh70MmShamshabad,Telugu,11:15,Gold,110₹,174,28
Telangana,Hyderabad,Ganesh70MmShamshabad,Telugu,11:15,Silver,90₹,492,45
AndhraPradesh,Kallur,MnrCinemaxPrabhakarPicturePalaceKallurAp,Telugu,11:15,FirstClass,100₹,138,0
AndhraPradesh,Vuyyuru,G3TheatresSrinivasaTheatreVuyyuru,Telugu,11:15,1Premium,100₹,215,0
AndhraPradesh,Vuyyuru,G3TheatresSrinivasaTheatreVuyyuru,Telugu,11:15,2NonPremium,78₹,215,0
AndhraPradesh,Thorrur,AsianRamakrishnaThorrur,Telugu,11:15,BoxA,110₹,9,9
AndhraPradesh,Thorrur,AsianRamakrishnaThorrur,Telugu,11:15,BoxB,110₹,14,14
AndhraPradesh,Thorrur,AsianRamakrishnaThorrur,Telugu,11:15,Balcony,110₹,288,68
AndhraPradesh,Thorrur,AsianRamakrishnaThorrur,Telugu,11:15,FirstClass,80₹,44,22
AndhraPradesh,Kodad,AsianSrinivasaKodad,Telugu,11:15,Silver,80₹,121,18
AndhraPradesh,Kodad,AsianSrinivasaKodad,Telugu,11:15,Balcony,110₹,540,149
AndhraPradesh,Devarakonda,AsianManojDevarakonda,Telugu,11:15,Balcony,110₹,388,132
Telangana,Hyderabad,SuperCinemaBalapur,Telugu,11:15,Balcony,150₹,198,0
Telangana,Hyderabad,SuperCinemaBalapur,Telugu,11:15,RajaCircle,100₹,58,3
AndhraPradesh,Samalkota,VigneswaraTheatreSamalkota,Telugu,11:15,Premium,110₹,269,97
AndhraPradesh,Samalkota,VigneswaraTheatreSamalkota,Telugu,11:15,NonPremium,90₹,76,76
AndhraPradesh,Gudivada,G3BhaskarTalkiesGudivada,Telugu,11:15,Recliners,295₹,316,0
AndhraPradesh,Gudivada,G3BhaskarTalkiesGudivada,Telugu,11:15,FirstClass,112₹,316,0
AndhraPradesh,Gudivada,G3BhaskarTalkiesGudivada,Telugu,11:15,SecondClass,90₹,316,0
AndhraPradesh,RajamahendravaramRajahmundry,FortuneFourCinemasAC2K71Rajanagaram,Telugu,11:15,FirstClass,110₹,302,50
AndhraPradesh,Yellareddy,LaxmiTalkiesACYellareddy,Telugu,11:15,BoxA,100₹,20,0
AndhraPradesh,Yellareddy,LaxmiTalkiesACYellareddy,Telugu,11:15,BoxB,100₹,20,0
AndhraPradesh,Yellareddy,LaxmiTalkiesACYellareddy,Telugu,11:15,FirstClass,100₹,200,0
AndhraPradesh,Mulugu,BalajiKalamandirMulugu,Telugu,11:15,Gold,100₹,54,0
AndhraPradesh,Sangareddy,NatrajTheatreSangareddy,Telugu,11:15,Sofa,110₹,316,0
AndhraPradesh,Sangareddy,NatrajTheatreSangareddy,Telugu,11:15,Balcony,110₹,316,0
AndhraPradesh,Sangareddy,NatrajTheatreSangareddy,Telugu,11:15,SecondClass,80₹,316,0
AndhraPradesh,Angara,SriVenkataManikyambaTheatreAngara,Telugu,11:15,FirstClass,100₹,66,0
Telangana,Hyderabad,VlsSridevi2KACDtsChilakalguda,Telugu,11:15,UpperBalcony,110₹,158,60
Telangana,Hyderabad,VlsSridevi2KACDtsChilakalguda,Telugu,11:15,LowerBalcony,80₹,472,87
AndhraPradesh,Proddatur,SudhaTheaterACUfo2KDolbyProddatur,Telugu,11:15,Balcony,100₹,190,133
AndhraPradesh,Proddatur,SudhaTheaterACUfo2KDolbyProddatur,Telugu,11:15,Deluxe,100₹,304,73
AndhraPradesh,Miryalaguda,VenkateshwaraTheaterMiryalaguda,Telugu,11:15,Balcony,110₹,257,16
AndhraPradesh,Miryalaguda,VenkateshwaraTheaterMiryalaguda,Telugu,11:15,DownBalcony,110₹,154,0
AndhraPradesh,Miryalaguda,VenkateshwaraTheaterMiryalaguda,Telugu,11:15,SecondClass,80₹,146,3
AndhraPradesh,Miryalaguda,VenkateshwaraTheaterMiryalaguda,Telugu,11:15,LowerClass,50₹,161,24
AndhraPradesh,Miryalaguda,VenkateshwaraTheaterMiryalaguda,Telugu,11:15,ABox,110₹,35,3
AndhraPradesh,Miryalaguda,VenkateshwaraTheaterMiryalaguda,Telugu,11:15,BBox,110₹,50,0
Telangana,Mahbubnagar,AvdCinemasMahbubnagar,Telugu,11:15,UpperClass,150₹,500,127
Telangana,Mahbubnagar,AvdCinemasMahbubnagar,Telugu,11:15,LowerClass,110₹,126,44
Telangana,Hyderabad,AsianShaShahenshaChintal,Telugu,11:15,Gold,175₹,560,260
Telangana,Hyderabad,AsianShaShahenshaChintal,Telugu,11:15,Silver,110₹,156,114
AndhraPradesh,Agiripalli,SriAnuDeluxeAgiripalli,Telugu,11:15,Balcony,100₹,218,0
AndhraPradesh,Vijayawada,CinepolisPvpSquareMallVijayawada,Telugu,11:15,Normal,177₹,138,43
AndhraPradesh,Konithiwada,RamakrishnaTheatreACKonithiwada,Telugu,11:15,1Premium,100₹,222,0
AndhraPradesh,Konithiwada,RamakrishnaTheatreACKonithiwada,Telugu,11:15,2SecondClass,100₹,222,0
AndhraPradesh,Konithiwada,RamakrishnaTheatreACKonithiwada,Telugu,11:15,1ThirdClass,100₹,222,0
AndhraPradesh,Jaggayyapeta,G3TheatresKamala,Telugu,11:15,Recliners,295₹,262,0
AndhraPradesh,Jaggayyapeta,G3TheatresKamala,Telugu,11:15,Sofa,112₹,262,0
AndhraPradesh,Jaggayyapeta,G3TheatresKamala,Telugu,11:15,Balcony,112₹,262,0
AndhraPradesh,Jaggayyapeta,G3TheatresKamala,Telugu,11:15,SecondClass,90₹,262,0
AndhraPradesh,VizagVisakhapatnam,StblBalajiVillageCinemaSabbavaramVizag,Telugu,11:15,FirstClass,100₹,198,0
AndhraPradesh,VizagVisakhapatnam,StblBalajiVillageCinemaSabbavaramVizag,Telugu,11:15,SecondClass,70₹,198,0
Telangana,Hyderabad,SriSaiRam70MmAC4KDolbyAtmosMalkajgiri,Telugu,11:15,Paltinum,110₹,265,109
Telangana,Hyderabad,SriSaiRam70MmAC4KDolbyAtmosMalkajgiri,Telugu,11:15,Gold,80₹,316,61
Telangana,Hyderabad,SriSaiRam70MmAC4KDolbyAtmosMalkajgiri,Telugu,11:15,Silver,50₹,118,31
AndhraPradesh,VizagVisakhapatnam,SreeKanyaCinemasGajuwaka,Telugu,11:20,Premium2,145₹,242,64
AndhraPradesh,VizagVisakhapatnam,SreeKanyaCinemasGajuwaka,Telugu,11:20,Premium3,145₹,122,0
AndhraPradesh,VizagVisakhapatnam,SreeKanyaCinemasGajuwaka,Telugu,11:20,NonPremium,100₹,137,57
Telangana,Hyderabad,AsianLakshmikalaCineprideMoosapet,Telugu,11:20,Platinum,150₹,718,106
Telangana,Hyderabad,AsianLakshmikalaCineprideMoosapet,Telugu,11:20,Gold,100₹,70,13
Telangana,Hyderabad,AsianLakshmikalaCineprideMoosapet,Telugu,11:20,Silver,50₹,157,47
Telangana,Hyderabad,LakshmiKalaMandirAlwal,Telugu,11:30,Balcony,100₹,196,0
Telangana,Hyderabad,LakshmiKalaMandirAlwal,Telugu,11:30,ReservedClass,70₹,96,0
Telangana,Hyderabad,LakshmiKalaMandirAlwal,Telugu,11:30,SecondClass,50₹,32,0
AndhraPradesh,Nandyal,PrathapACDtsNandyal,Telugu,11:30,Premium,110₹,294,110
AndhraPradesh,Nandyal,PrathapACDtsNandyal,Telugu,11:30,NonPremium,80₹,429,64
AndhraPradesh,Kakinada,Padmapriya2KDolbyAtmosKakinada,Telugu,11:30,Diplomat,112₹,54,5
Telangana,Hyderabad,Bhramaramba70MmACDtsKukatpally,Telugu,11:30,MaharajaCircle,150₹,488,152
Telangana,Hyderabad,Bhramaramba70MmACDtsKukatpally,Telugu,11:30,DressCircle,100₹,190,59
AndhraPradesh,Vijayawada,TaraScreens2KACPayakapuramVijayawada,Telugu,11:30,Recliner,295₹,10,3
AndhraPradesh,Vijayawada,TaraScreens2KACPayakapuramVijayawada,Telugu,11:30,GoldClass,112₹,214,12
AndhraPradesh,Vijayawada,TaraScreens2KACPayakapuramVijayawada,Telugu,11:30,SilverClass,78₹,40,14
AndhraPradesh,KovurNellore,SrinivasTheatreKovur,Telugu,11:30,Premium,100₹,318,0
AndhraPradesh,KovurNellore,SrinivasTheatreKovur,Telugu,11:30,Premium,100₹,318,0
AndhraPradesh,KovurNellore,SrinivasTheatreKovur,Telugu,11:30,NonPremium,100₹,318,0
AndhraPradesh,Adilabad,AsianNatarajDeluxeAdilabad,Telugu,11:30,Balcony,110₹,334,74
AndhraPradesh,Guntur,HariharCinemasGuntur,Telugu,11:30,Balcony,147₹,133,44
AndhraPradesh,Guntur,HariharCinemasGuntur,Telugu,11:30,PseudoBalcony,147₹,158,0
AndhraPradesh,Guntur,HariharCinemasGuntur,Telugu,11:30,LowerClass,84₹,103,16
AndhraPradesh,Vijayawada,SwathiTheaterBhavanipuramNewlyRenovated,Telugu,11:30,PremiumClass,110₹,320,21
AndhraPradesh,Vijayawada,SwathiTheaterBhavanipuramNewlyRenovated,Telugu,11:30,EconomyClass,60₹,107,13
AndhraPradesh,Tirupati,SrinivasTejaACDtsTirupati,Telugu,11:30,Platinum,125₹,207,23
AndhraPradesh,Tirupati,SrinivasTejaACDtsTirupati,Telugu,11:30,Gold,80₹,78,24
AndhraPradesh,Tirupati,PadmaPicturePalaceAC4KDolbyAtmosRenigunta,Telugu,11:30,Platinum,100₹,280,7
AndhraPradesh,Tirupati,PadmaPicturePalaceAC4KDolbyAtmosRenigunta,Telugu,11:30,Gold,80₹,110,3
AndhraPradesh,Husnabad,VenkateshwaraTheatreHusnabad,Telugu,11:30,FirstClass,100₹,179,0
AndhraPradesh,Husnabad,VenkateshwaraTheatreHusnabad,Telugu,11:30,SecondClass,100₹,179,0
AndhraPradesh,Ongole,SatyamAC4KDolbyAtmosOngole,Telugu,11:30,Platinum,250₹,19,3
AndhraPradesh,Ongole,SatyamAC4KDolbyAtmosOngole,Telugu,11:30,Gold,150₹,362,54
AndhraPradesh,Ongole,SatyamAC4KDolbyAtmosOngole,Telugu,11:30,Executive,70₹,38,38
AndhraPradesh,Ongole,RatnaMahalAC4KDolbyAtmosOngole,Telugu,11:30,Gold,150₹,322,50
AndhraPradesh,Ongole,RatnaMahalAC4KDolbyAtmosOngole,Telugu,11:30,Executive,70₹,51,11
AndhraPradesh,Gudlavalleru,RamaKrishnaTheaterGudlavalleru,Telugu,11:30,Box,100₹,79,0
AndhraPradesh,Vijayawada,VenkataKrishnaTheatreACDtsPoranki,Telugu,11:30,Balcony,110₹,139,0
AndhraPradesh,Godavarikhani,RajeshTheatreGodavarikhani,Telugu,11:30,Balcony,110₹,419,0
AndhraPradesh,Godavarikhani,RajeshTheatreGodavarikhani,Telugu,11:30,DressCircle,80₹,118,0
AndhraPradesh,Anantapur,ChhotuMaharajCineCafeAnantapur,Telugu,11:30,Classique,112₹,88,14
AndhraPradesh,Anantapur,SvCinemax4KDolbyAtmosAnantapur,Telugu,11:30,Gold,148₹,168,0
AndhraPradesh,Anantapur,SvCinemax4KDolbyAtmosAnantapur,Telugu,11:30,Diamond,148₹,316,278
AndhraPradesh,Narayankhed,VenkateshwaraTalkiesNarayankhed,Telugu,11:30,Balcony,100₹,150,0
,Shankarampet,LaxmiTalkiesShankarampeta,Telugu,11:30,Balcony,70₹,200,0
AndhraPradesh,Kadapa,RameshTheatreAC4KDolbyAtmosKadapa,Telugu,11:30,Gold,150₹,275,94
AndhraPradesh,Pedana,SriKrishnaTulasiTheaterPedana,Telugu,11:30,Box,100₹,33,0
AndhraPradesh,Kakinada,SuryaCinemaxKakinada,Telugu,11:30,FirstClass,100₹,168,57
AndhraPradesh,Kakinada,SuryaCinemaxKakinada,Telugu,11:30,SecondClass,60₹,42,7
AndhraPradesh,Tirupati,SvCinemasAC4KDolbyAtmosChandragiri,Telugu,11:30,DiamondClass,100₹,255,4
AndhraPradesh,Tirupati,SvCinemasAC4KDolbyAtmosChandragiri,Telugu,11:30,GoldClass,80₹,70,0
AndhraPradesh,Guntakal,KpsMoviesGuntakal,Telugu,11:30,FirstClass,110₹,284,96
AndhraPradesh,Guntakal,KpsMoviesGuntakal,Telugu,11:30,SecondClass,80₹,178,23
AndhraPradesh,Guntakal,KpsMoviesGuntakal,Telugu,11:30,ThirdClass,80₹,58,0
AndhraPradesh,Peddapalli,Srinivasa70MmAcDeluxPeddapalli,Telugu,11:30,Balcony,110₹,201,0
AndhraPradesh,Peddapalli,Srinivasa70MmAcDeluxPeddapalli,Telugu,11:30,DressCircle,80₹,201,0
AndhraPradesh,Peddapalli,Srinivasa70MmAcDeluxPeddapalli,Telugu,11:30,SecondClass,50₹,201,0
AndhraPradesh,Repalle,SriKrishnaAC4KDolbyAtmosRepalle,Telugu,11:30,Gold,110₹,306,0
AndhraPradesh,Repalle,SriKrishnaAC4KDolbyAtmosRepalle,Telugu,11:30,Chair,80₹,306,0
AndhraPradesh,Tatipaka,AnnapurnaTheatreAcDts2KTatipaka,Telugu,11:30,XExecutive,100₹,204,0
AndhraPradesh,Tatipaka,AnnapurnaTheatreAcDts2KTatipaka,Telugu,11:30,YFirstClass,100₹,204,0
AndhraPradesh,Machilipatnam,G3TheatresMachilipatnam,Telugu,11:30,PremiumClass,148₹,332,0
AndhraPradesh,Machilipatnam,G3TheatresMachilipatnam,Telugu,11:30,NonPremium,112₹,332,0
AndhraPradesh,Tadikalapudi,RevathiTheatreTadikalapudi,Telugu,11:30,FirstClass,150₹,78,0
AndhraPradesh,Tadikalapudi,RevathiTheatreTadikalapudi,Telugu,11:30,SecondClass,100₹,78,0
AndhraPradesh,Tadikalapudi,RevathiTheatreTadikalapudi,Telugu,11:30,Sofa,150₹,78,0
AndhraPradesh,Vijayawada,G3RajYuvraj4KDolbyAtmosVijayawada,Telugu,11:30,GoldClass,177₹,84,1
Telangana,Hyderabad,IndraVenkataramanaPadmavatiCinemaKachiguda,Telugu,11:30,EliteRecliners,235₹,42,3
Telangana,Hyderabad,IndraVenkataramanaPadmavatiCinemaKachiguda,Telugu,11:30,EliteSofa,175₹,176,13
Telangana,Hyderabad,IndraVenkataramanaPadmavatiCinemaKachiguda,Telugu,11:30,Premium,150₹,286,286
Telangana,Hyderabad,IndraVenkataramanaPadmavatiCinemaKachiguda,Telugu,11:30,Economy,80₹,126,33
AndhraPradesh,Nandikotkur,SanthiTheaterACDtsNandikotkur,Telugu,11:30,Platinum,100₹,334,71
AndhraPradesh,Sattenapalle,SaiKrishna4KDolbyAtmosUltraHd3D,Telugu,11:30,Recliner,150₹,10,0
AndhraPradesh,Sattenapalle,SaiKrishna4KDolbyAtmosUltraHd3D,Telugu,11:30,Sofa,120₹,64,2
AndhraPradesh,Sattenapalle,SaiKrishna4KDolbyAtmosUltraHd3D,Telugu,11:30,LowerBalcony,100₹,131,0
AndhraPradesh,Sattenapalle,SaiKrishna4KDolbyAtmosUltraHd3D,Telugu,11:30,FirstClass,70₹,72,14
AndhraPradesh,Sattenapalle,SaiKrishna4KDolbyAtmosUltraHd3D,Telugu,11:30,SecondClass,50₹,72,7
Telangana,Hyderabad,MirajCinemasRaghavendraHyderabad,Telugu,11:30,Executive,150₹,292,0
Telangana,Hyderabad,MirajCinemasRaghavendraHyderabad,Telugu,11:30,Gold,235₹,20,0
Telangana,Hyderabad,MirajCinemasRaghavendraHyderabad,Telugu,11:30,Executivep,150₹,348,0
Telangana,Hyderabad,InoxGvkOneBanjaraHills,Telugu,11:35,Royal,250₹,9,9
Telangana,Hyderabad,InoxGvkOneBanjaraHills,Telugu,11:35,Executive,195₹,208,63
AndhraPradesh,Dhone,SriSrinivasaTheaterDhone,Telugu,11:35,Platinum,100₹,362,13
AndhraPradesh,Ongole,G2VTheatersRaviPriyaMallOngole,Telugu,11:40,PlatinumRecliner,295₹,10,5
AndhraPradesh,Ongole,G2VTheatersRaviPriyaMallOngole,Telugu,11:40,Gold,177₹,234,44
AndhraPradesh,Nellore,RainCinemaNellore,Telugu,11:40,Premium,150₹,302,10
AndhraPradesh,Nellore,RainCinemaNellore,Telugu,11:40,Popular,112₹,79,0
Karnataka,Bengaluru,PvrPhoenixMarketcityMallWhitefieldRoad,Telugu,11:40,Classic,200₹,176,37
Karnataka,Bengaluru,PvrPhoenixMarketcityMallWhitefieldRoad,Telugu,11:40,Prime,200₹,13,11
Karnataka,Bengaluru,PvrPhoenixMarketcityMallWhitefieldRoad,Telugu,11:40,Recliner,450₹,20,11
Telangana,Hyderabad,PrasadsHyderabad,Telugu,11:45,Executive,250₹,390,48
Orissa,Jeypore,KorosudhaKalamandirTheatreJeypore,Telugu,11:45,Platinum,120₹,43,0
Orissa,Jeypore,KorosudhaKalamandirTheatreJeypore,Telugu,11:45,Gold,100₹,59,0
Orissa,Jeypore,KorosudhaKalamandirTheatreJeypore,Telugu,11:45,Silver,100₹,29,0
AndhraPradesh,Tirupati,NvrJaysyamAC4KDolbyAtmosTirupati,Telugu,11:45,Diamond,125₹,430,42
AndhraPradesh,Tirupati,NvrJaysyamAC4KDolbyAtmosTirupati,Telugu,11:45,Gold,80₹,152,3
AndhraPradesh,Buchireddypalem,RajKishoreTheatreBuchireddypalem,Telugu,11:45,FirstClass,100₹,200,0
AndhraPradesh,Buchireddypalem,RajKishoreTheatreBuchireddypalem,Telugu,11:45,SecondClass,100₹,200,0
AndhraPradesh,Vijayawada,MirajCinemasShantiPrashantiVijayawada,Telugu,11:45,Balcony,177₹,64,0
AndhraPradesh,Vijayawada,MirajCinemasShantiPrashantiVijayawada,Telugu,11:45,FirstClass,177₹,419,6
AndhraPradesh,Warangal,AsianGeminiTheatreWarangal,Telugu,11:45,Platinum,150₹,285,25
AndhraPradesh,Warangal,AsianGeminiTheatreWarangal,Telugu,11:45,UpperClass,100₹,195,118
AndhraPradesh,Warangal,AsianGeminiTheatreWarangal,Telugu,11:45,Silver,80₹,56,2
AndhraPradesh,Nellore,SiriMultiplexNellore,Telugu,12:00,Gold,140₹,351,0
AndhraPradesh,Nellore,SiriMultiplexNellore,Telugu,12:00,PlatinumSofas,140₹,351,0
AndhraPradesh,Nellore,SiriMultiplexNellore,Telugu,12:00,Silver,110₹,351,0
Telangana,Hyderabad,InoxGsmMallHyderabad,Telugu,12:10,Royal,250₹,17,16
Telangana,Hyderabad,InoxGsmMallHyderabad,Telugu,12:10,Executive,150₹,287,81
Telangana,Hyderabad,PlatinumMovietimeCinemaGachibowliSlnTerminus,Telugu,12:10,PlatinumPremiumRecliner,350₹,16,15
Telangana,Hyderabad,PlatinumMovietimeCinemaGachibowliSlnTerminus,Telugu,12:10,PlatinumRecliners,350₹,32,20
Karnataka,Bengaluru,PvrVrBengaluruWhitefieldRoad,Telugu,12:15,Classic,236₹,210,22
Karnataka,Bengaluru,PvrVrBengaluruWhitefieldRoad,Telugu,12:15,Prime,236₹,25,19
Karnataka,Bengaluru,PvrVrBengaluruWhitefieldRoad,Telugu,12:15,Recliner,600₹,20,4
Karnataka,Bengaluru,PvrOrionUptownOldMadrasRoadBengaluru,Telugu,12:15,Classic,190₹,165,19
Karnataka,Bengaluru,PvrOrionUptownOldMadrasRoadBengaluru,Telugu,12:15,Recliner,410₹,12,2
Karnataka,Bengaluru,PvrAuraParkSquareBengaluru,Telugu,12:30,Classic,220₹,166,0
Karnataka,Bengaluru,PvrAuraParkSquareBengaluru,Telugu,12:30,Recliner,480₹,16,0
TamilNadu,Chennai,AgsCinemasOmrNavlur,Telugu,12:40,Diamond,200₹,302,6
TamilNadu,Chennai,AgsCinemasOmrNavlur,Telugu,12:40,Pearl,63₹,34,34
Telangana,Hyderabad,CinepolisSudhaCinemasHyderabad,Telugu,12:40,Normal,150₹,72,0
Telangana,Hyderabad,CinepolisSudhaCinemasHyderabad,Telugu,12:40,Executive,150₹,133,11
Karnataka,Bengaluru,PvrAuraParkSquareBengaluru,Telugu,12:45,Classic,220₹,182,9
Karnataka,Bengaluru,PvrAuraParkSquareBengaluru,Telugu,12:45,Recliner,480₹,16,0
TamilNadu,Chennai,InoxTheMarinaMallOmr,Telugu,12:55,Club,202₹,137,28
TamilNadu,Chennai,InoxTheMarinaMallOmr,Telugu,12:55,Executive,63₹,16,16
Telangana,Hyderabad,CinepolisCcplMallMalkajgiriHyderabad,Telugu,13:00,Executive,150₹,147,31
AndhraPradesh,Vijayawada,CinepolisPvpSquareMallVijayawada,Telugu,13:05,Normal,177₹,224,55
AndhraPradesh,VizagVisakhapatnam,InoxCmrCentralGajuwaka,Telugu,13:05,Royal,295₹,15,9
AndhraPradesh,VizagVisakhapatnam,InoxCmrCentralGajuwaka,Telugu,13:05,Executive,177₹,306,52
Telangana,Hyderabad,InoxMaheshwari,Telugu,13:05,Executive,150₹,236,26
Telangana,Hyderabad,PvrInorbitCyberabad,Telugu,13:10,Classic,150₹,161,53
Telangana,Hyderabad,PvrRkCineplexHyderabad,Telugu,13:10,Classic,150₹,429,47
Telangana,Hyderabad,PvrRkCineplexHyderabad,Telugu,13:10,Recliner,250₹,52,4
Telangana,Hyderabad,InoxGsmMallHyderabad,Telugu,13:10,Royal,250₹,17,16
Telangana,Hyderabad,InoxGsmMallHyderabad,Telugu,13:10,Executive,150₹,386,65
AndhraPradesh,VizagVisakhapatnam,InoxCmrCentralMaddilapalem,Telugu,13:10,Executive,177₹,338,72
Telangana,Hyderabad,PvrMusarambaghHyderabad,Telugu,13:10,Classic,150₹,188,71
Telangana,Hyderabad,PvrMusarambaghHyderabad,Telugu,13:10,Recliner,250₹,8,8
Telangana,Hyderabad,MirajCinemasGeetaChandanagar,Telugu,13:10,Gold,250₹,86,11
Telangana,Hyderabad,MirajCinemasGeetaChandanagar,Telugu,13:10,Executive,150₹,349,26
Telangana,Hyderabad,MirajCinemasA2ACentralMallBalanagar,Telugu,13:10,Executive,150₹,338,37
Telangana,Hyderabad,MirajCinemasA2ACentralMallBalanagar,Telugu,13:10,Gold,250₹,25,9
AndhraPradesh,VizagVisakhapatnam,InoxVarunBeachBeachRoad,Telugu,13:15,Royal,295₹,18,12
AndhraPradesh,VizagVisakhapatnam,InoxVarunBeachBeachRoad,Telugu,13:15,Excutive,177₹,245,22
AndhraPradesh,VizagVisakhapatnam,InoxVizagChitralayaMall,Telugu,13:15,Royale,295₹,15,12
AndhraPradesh,VizagVisakhapatnam,InoxVizagChitralayaMall,Telugu,13:15,Executive,177₹,320,38
Telangana,Hyderabad,PvrAtriumGachibowliHyderabad,Telugu,13:20,Classic,150₹,276,10
Telangana,Hyderabad,PvrAtriumGachibowliHyderabad,Telugu,13:20,Recliner,250₹,16,7
Telangana,Hyderabad,AsianCineplanetMultiplexKompally,Telugu,13:20,Gold,170₹,382,94
AndhraPradesh,Guntur,PvrTheCinemaGuntur,Telugu,13:20,Premium,295₹,10,2
AndhraPradesh,Guntur,PvrTheCinemaGuntur,Telugu,13:20,Deluxe,177₹,170,15
AndhraPradesh,Nizamabad,AsianUshaPrasadMultiplexNizamabad,Telugu,13:20,Gold,150₹,357,52
AndhraPradesh,Nizamabad,AsianUshaPrasadMultiplexNizamabad,Telugu,13:20,Silver,112₹,54,0
Telangana,Hyderabad,AsianMuktaCinemasA2MjrSquareNarapally,Telugu,13:20,Sofa,200₹,14,0
Telangana,Hyderabad,AsianMuktaCinemasA2MjrSquareNarapally,Telugu,13:20,Gold,150₹,133,55
Telangana,Hyderabad,AsianMuktaCinemasA2MjrSquareNarapally,Telugu,13:20,Loungers,150₹,12,0
Telangana,Hyderabad,PvrCentralMallPanjagutta,Telugu,13:20,Classic,150₹,416,44
Telangana,Hyderabad,PvrIconHitechMadhapurHyderabad,Telugu,13:20,Classic,150₹,289,35
Telangana,Hyderabad,PvrIconHitechMadhapurHyderabad,Telugu,13:20,Recliner,250₹,13,10
AndhraPradesh,Vijayawada,InoxUrvasiComplexGandhiNagar,Telugu,13:20,Club,177₹,570,46
Telangana,Hyderabad,PvrIrrumManzilHyderabad,Telugu,13:20,Classic,150₹,264,39
Telangana,Hyderabad,PvrIrrumManzilHyderabad,Telugu,13:20,Recliner,250₹,18,13
Telangana,Hyderabad,AmbCinemasGachibowli,Telugu,13:25,Platinum,350₹,14,13
Telangana,Hyderabad,AmbCinemasGachibowli,Telugu,13:25,Gold,295₹,403,148
Telangana,Hyderabad,AmbCinemasGachibowli,Telugu,13:25,Loungers,295₹,19,4
Telangana,Hyderabad,InoxGvkOneBanjaraHills,Telugu,13:25,Royal,250₹,14,12
Telangana,Hyderabad,InoxGvkOneBanjaraHills,Telugu,13:25,Executive,195₹,257,55
AndhraPradesh,Vijayawada,InoxLeplIconPatamata,Telugu,13:25,Royal,295₹,19,11
AndhraPradesh,Vijayawada,InoxLeplIconPatamata,Telugu,13:25,Club,177₹,302,36
Telangana,Hyderabad,MirajCinemasCineTownMiyapur,Telugu,13:30,Executive,150₹,408,10
Telangana,Hyderabad,MirajCinemasCineTownMiyapur,Telugu,13:30,Gold,235₹,22,1
Telangana,Hyderabad,MirajCinemasCineTownMiyapur,Telugu,13:30,Executivep,150₹,272,0
Karnataka,Bengaluru,BhumikaDigital2KCinemaGandhinagar,Telugu,13:30,Balcony,150₹,318,93
Karnataka,Bengaluru,BhumikaDigital2KCinemaGandhinagar,Telugu,13:30,Middle,120₹,576,99
Telangana,Hyderabad,PvrForumSujanaMallKukatpallyHyderabad,Telugu,13:30,Classic,150₹,278,87
Telangana,Hyderabad,PvrForumSujanaMallKukatpallyHyderabad,Telugu,13:30,Recliner,250₹,13,12
Telangana,Hyderabad,GprMultiplexNizampetHyderabad,Telugu,13:30,Sofa,250₹,25,18
Telangana,Hyderabad,GprMultiplexNizampetHyderabad,Telugu,13:30,Gold,200₹,658,28
AndhraPradesh,Vijayawada,PvrRipplesVijaywada,Telugu,13:30,Classic,177₹,226,52
AndhraPradesh,Vijayawada,PvrRipplesVijaywada,Telugu,13:30,Recliner,295₹,14,6
AndhraPradesh,Warangal,AsianSrideviMultiplexHanumakonda,Telugu,13:30,Gold,180₹,308,54
AndhraPradesh,Warangal,AsianSrideviMultiplexHanumakonda,Telugu,13:30,Silver,150₹,31,4
AndhraPradesh,Karimnagar,AsianMuktaA2SrinivasaTheatreKarimnagar,Telugu,13:30,Premium,195₹,24,13
AndhraPradesh,Karimnagar,AsianMuktaA2SrinivasaTheatreKarimnagar,Telugu,13:30,Gold,150₹,234,42
AndhraPradesh,Karimnagar,AsianMuktaA2SrinivasaTheatreKarimnagar,Telugu,13:30,Silver,112₹,78,3
Telangana,Hyderabad,AsianRadhikaMultiplexEcil,Telugu,13:30,Gold,180₹,360,131
Telangana,Hyderabad,PvrPrestonPrimeGachibowliHyderabad,Telugu,13:30,Classic,150₹,256,30
Telangana,Hyderabad,PvrNextGalleriaMallPanjagutta,Telugu,13:30,Classic,150₹,209,75
Telangana,Hyderabad,PvrNextGalleriaMallPanjagutta,Telugu,13:30,Recliner,250₹,11,10
Telangana,Hyderabad,PvrMallapurHyderabad,Telugu,13:30,Classic,150₹,196,28
AndhraPradesh,Nizamabad,PvrVenuMallNizamabad,Telugu,13:30,Classic,150₹,362,69
AndhraPradesh,Nizamabad,PvrVenuMallNizamabad,Telugu,13:30,Recliner,250₹,13,10
AndhraPradesh,Warangal,PvrMaddoxWarangal,Telugu,13:30,Classic,150₹,347,35
AndhraPradesh,VizagVisakhapatnam,CinepolisSreekanyaCineglitzMadhurawada,Telugu,13:30,Normal,177₹,38,26
AndhraPradesh,VizagVisakhapatnam,CinepolisSreekanyaCineglitzMadhurawada,Telugu,13:30,Executive,177₹,150,12
Telangana,Hyderabad,AsianCineSquareMultiplexUppal,Telugu,13:35,Sofa,180₹,13,6
Telangana,Hyderabad,AsianCineSquareMultiplexUppal,Telugu,13:35,Gold,150₹,184,39
Telangana,Hyderabad,CinepolisDslVirtueMallUppalHyderabad,Telugu,13:35,Normal,150₹,35,0
Telangana,Hyderabad,CinepolisDslVirtueMallUppalHyderabad,Telugu,13:35,Executive,150₹,196,92
Telangana,Hyderabad,CinepolisDslVirtueMallUppalHyderabad,Telugu,13:35,Vip,250₹,14,14
Telangana,Hyderabad,CinepolisMantraMallAttapur,Telugu,13:35,Normal,150₹,213,55
Telangana,Hyderabad,CinepolisMantraMallAttapur,Telugu,13:35,Vip,250₹,12,7
Telangana,Hyderabad,BvkMultiplexVijayalakshmiLbNagar,Telugu,13:35,BoxA,250₹,24,0
Telangana,Hyderabad,BvkMultiplexVijayalakshmiLbNagar,Telugu,13:35,BoxB,250₹,24,0
Telangana,Hyderabad,BvkMultiplexVijayalakshmiLbNagar,Telugu,13:35,Balcony,200₹,596,36
AndhraPradesh,Mangalagiri,UrvasiTheaterACDtsMangalagiri,Telugu,13:40,PreBal,112₹,92,6
AndhraPradesh,Mangalagiri,UrvasiTheaterACDtsMangalagiri,Telugu,13:40,PreSofa,112₹,68,14
AndhraPradesh,Mangalagiri,UrvasiTheaterACDtsMangalagiri,Telugu,13:40,Pre1st,112₹,198,0
AndhraPradesh,Mangalagiri,UrvasiTheaterACDtsMangalagiri,Telugu,13:40,NonPre2nd,78₹,119,33
Telangana,Hyderabad,InoxSattvaNecklaceMallKavadiguda,Telugu,13:40,Royal,250₹,16,7
Telangana,Hyderabad,InoxSattvaNecklaceMallKavadiguda,Telugu,13:40,Executive,150₹,287,60
Telangana,Hyderabad,InoxMaheshwari,Telugu,13:40,Executive,150₹,241,38
AndhraPradesh,VizagVisakhapatnam,NarasimhaAC2KDolbyGopalapatnam,Telugu,13:45,Premium,112₹,180,0
AndhraPradesh,Vijayawada,CinepolisPowerOneMallVijayawada,Telugu,13:45,Normal,147₹,36,2
AndhraPradesh,Vijayawada,CinepolisPowerOneMallVijayawada,Telugu,13:45,Executive,147₹,75,2
AndhraPradesh,Vijayawada,CinepolisPowerOneMallVijayawada,Telugu,13:45,Premium,147₹,182,29
Telangana,Hyderabad,PlatinumMovietimeCinemasAmeerpet,Telugu,13:45,SilverClass,150₹,372,35
Telangana,Hyderabad,AsianMCubeMallAttapur,Telugu,13:50,Gold,150₹,356,70
Telangana,Hyderabad,TivoliCinemasSecunderabad,Telugu,13:50,GoldUpper,180₹,383,59
Telangana,Hyderabad,TivoliCinemasSecunderabad,Telugu,13:50,GoldLower,180₹,376,2
Telangana,Hyderabad,SvCinesquarePatancheru,Telugu,14:00,Balcony,150₹,518,4
Telangana,Hyderabad,Vijetha70Mm4KAtmosBorabanda,Telugu,14:00,Balcony,150₹,432,60
Telangana,Hyderabad,Vijetha70Mm4KAtmosBorabanda,Telugu,14:00,DressCircle,80₹,182,29
Telangana,Hyderabad,AlankarPratapTheatreLangerHouse,Telugu,14:00,Balcony,150₹,48,0
Telangana,Hyderabad,AlankarPratapTheatreLangerHouse,Telugu,14:00,Balcony,150₹,270,2
AndhraPradesh,Kamareddy,AsianDarshanKamareddy,Telugu,14:00,Gold,110₹,472,104
Telangana,Hyderabad,AsianMukundCinemaMedchal,Telugu,14:00,Gold,110₹,519,62
Telangana,Hyderabad,AsianMukundCinemaMedchal,Telugu,14:00,Lounger,150₹,20,12
AndhraPradesh,Huzurnagar,SrinivasaPicturePalaceHuzurnagar,Telugu,14:00,Balcony,110₹,491,0
AndhraPradesh,Huzurnagar,SrinivasaPicturePalaceHuzurnagar,Telugu,14:00,SecondClass,110₹,491,0
AndhraPradesh,Aswaraopeta,LakshmiSrinivasaTalkiesAswaraopeta,Telugu,14:00,Balcony,100₹,160,0
Telangana,Manuguru,SriSatyaBhaskaraPicturePalaceManuguru,Telugu,14:00,Balcony,100₹,268,32
Telangana,Hyderabad,VyjayanthiCinemaAC2KNacharam,Telugu,14:00,Balcony,150₹,283,1
Telangana,Hyderabad,VyjayanthiCinemaAC2KNacharam,Telugu,14:00,FirstClass,100₹,142,0
AndhraPradesh,Sircilla,AsianNatrajDeluxeTheatreACSircilla,Telugu,14:00,Balcony,110₹,491,72
AndhraPradesh,Sircilla,AsianNatrajDeluxeTheatreACSircilla,Telugu,14:00,LowerClass,50₹,109,9
AndhraPradesh,Vemulawada,ShivaRamaKrishnaTheatreVemulawada,Telugu,14:00,Balcony,100₹,104,0
AndhraPradesh,Kalwakurthy,AshokaCinemaKalwakurthy,Telugu,14:00,Platinum,100₹,383,101
AndhraPradesh,Metpally,AsianSaiKrishnaMetpally,Telugu,14:00,UpperBalcony,110₹,137,53
AndhraPradesh,Metpally,AsianSaiKrishnaMetpally,Telugu,14:00,Gold,110₹,295,2
AndhraPradesh,Metpally,AsianSaiKrishnaMetpally,Telugu,14:00,Silver,80₹,92,10
AndhraPradesh,Medak,AsianSaiDattaPicturePalaceMedak,Telugu,14:00,Gold,110₹,427,142
AndhraPradesh,Siddipet,AsianSrinivasaDeluxeSiddipet,Telugu,14:00,Balcony,110₹,307,0
AndhraPradesh,Siddipet,AsianSrinivasaDeluxeSiddipet,Telugu,14:00,FirstClass,90₹,182,0
AndhraPradesh,Bhadrachalam,AsianUdayBhaskarBhadrachalam,Telugu,14:00,Balcony,110₹,505,89
AndhraPradesh,Bhadrachalam,AsianUdayBhaskarBhadrachalam,Telugu,14:00,ReservedClass,80₹,54,0
AndhraPradesh,Sadasivpet,AsianMaheshwariSadasivpet,Telugu,14:00,Gold,110₹,501,80
AndhraPradesh,Sadasivpet,AsianMaheshwariSadasivpet,Telugu,14:00,Silver,80₹,59,0
Telangana,Hyderabad,SaiRangaMiyapur,Telugu,14:00,UpperBalcony,150₹,305,14
Telangana,Hyderabad,SaiRangaMiyapur,Telugu,14:00,LowerBalcony,150₹,374,0
Telangana,Hyderabad,SaiRangaMiyapur,Telugu,14:00,DressCircle,100₹,168,8
Telangana,Hyderabad,SaiRangaMiyapur,Telugu,14:00,LowerClass,50₹,208,17
Telangana,Hyderabad,RangaTheatre70MmJeedimetla,Telugu,14:00,Balcony,110₹,553,239
Telangana,Hyderabad,RangaTheatre70MmJeedimetla,Telugu,14:00,1stClass,80₹,510,221
AndhraPradesh,Wanaparthy,SriRama70MmACDtsWanaparthy,Telugu,14:00,FirstClass,110₹,147,0
AndhraPradesh,Uppada,SrinivasaTheatreACDtsUppada,Telugu,14:00,FirstClass,100₹,36,0
Telangana,Hyderabad,Sharada70MmKapra,Telugu,14:00,Balcony,110₹,200,0
Telangana,Hyderabad,Sharada70MmKapra,Telugu,14:00,DressCircle,80₹,85,0
AndhraPradesh,Kalla,SriLakshmiCinemaxACDtsKalla,Telugu,14:00,FirstClass,100₹,40,0
Telangana,Hyderabad,SreeSaiPujaSuraram,Telugu,14:00,BalconyMaharaja,110₹,384,165
Telangana,Hyderabad,SreeSaiPujaSuraram,Telugu,14:00,LowerBalconyRaja,80₹,325,149
AndhraPradesh,Valluru,VijayaKrishnaTheaterValluru,Telugu,14:00,FirstClass,100₹,36,0
AndhraPradesh,Palakollu,AdabalaTheatreScreen1Palakollu,Telugu,14:00,FirstClass,150₹,154,80
AndhraPradesh,Bhimadole,SriSrinivasMahalBhimadole,Telugu,14:00,Balcony,100₹,100,0
AndhraPradesh,Koyyalagudem,MahaLakshmiTheatreKoyyalagudem,Telugu,14:00,Balcony,100₹,40,0
AndhraPradesh,Cherial,VbkMaxCherial,Telugu,14:00,Balcony,100₹,120,0
AndhraPradesh,Devarapalli,TrinadhTheatreACDevarapalli,Telugu,14:00,FirstClass,100₹,39,0
AndhraPradesh,Dubbaka,SrinivasaTheatreDubbaka,Telugu,14:00,Balcony,100₹,100,0
AndhraPradesh,Dubbaka,SrinivasaTheatreDubbaka,Telugu,14:00,SecondClass,100₹,100,0
AndhraPradesh,Cherla,RaghuPicturePalaceCherla,Telugu,14:00,Balcony,100₹,30,0
AndhraPradesh,Chagallu,VenkataKrishnaTheatreVMaxChagallu,Telugu,14:00,FirstClass,100₹,156,0
AndhraPradesh,Nalgonda,VenkateswaraTheatreNalgonda,Telugu,14:00,Balcony,110₹,539,0
AndhraPradesh,Nalgonda,VenkateswaraTheatreNalgonda,Telugu,14:00,SecondClass,50₹,539,0
Telangana,Hyderabad,JyothiCinemaIdaBolaram,Telugu,14:00,Balcony,100₹,53,0
AndhraPradesh,Kothapeta,RsMiniplexKothapeta,Telugu,14:00,FirstClass,100₹,166,47
AndhraPradesh,Penuganchiprolu,SriVenkateswaraACDolbySoundPenuganchiprolu,Telugu,14:00,Balcony,100₹,288,0
AndhraPradesh,Penuganchiprolu,SriVenkateswaraACDolbySoundPenuganchiprolu,Telugu,14:00,FirstClass,100₹,77,0
AndhraPradesh,Shadnagar,Parameswara70MmShadnagar,Telugu,14:00,Balcony,110₹,330,0
AndhraPradesh,Shadnagar,Parameswara70MmShadnagar,Telugu,14:00,DressCircle,80₹,224,0
AndhraPradesh,Shadnagar,Parameswara70MmShadnagar,Telugu,14:00,ThirdClass,50₹,100,0
AndhraPradesh,Nakrekal,SriVenkateswaraTheatre70MmAcNakrekal,Telugu,14:00,Balcony,100₹,179,0
AndhraPradesh,Nakrekal,SriVenkateswaraTheatre70MmAcNakrekal,Telugu,14:00,ReservedClass,80₹,179,0
AndhraPradesh,Nakrekal,SriVenkateswaraTheatre70MmAcNakrekal,Telugu,14:00,FirsClasss,50₹,179,0
AndhraPradesh,Kamareddy,SangamDeluxeDomakondaKamareddy,Telugu,14:00,Balcony,100₹,150,0
AndhraPradesh,Suryapet,NavyaTheatreSuryapet,Telugu,14:00,Balcony,110₹,44,2
AndhraPradesh,Suryapet,NavyaTheatreSuryapet,Telugu,14:00,LowerBalcony,110₹,65,0
AndhraPradesh,Suryapet,NavyaTheatreSuryapet,Telugu,14:00,SecondClass,80₹,52,0
Telangana,Hyderabad,SantoshTheatreIbrahimpatnam,Telugu,14:00,Box,100₹,94,0
Telangana,Hyderabad,SantoshTheatreIbrahimpatnam,Telugu,14:00,Balcony,100₹,300,0
Telangana,Jadcherla,Srinvasa70MmACJadcherla,Telugu,14:00,Balcony,110₹,235,0
AndhraPradesh,Bichkunda,ParameswariTheatreBichkunda,Telugu,14:00,Box,100₹,58,0
AndhraPradesh,Jagtial,DurgaRajaKalamandirJagtial,Telugu,14:00,Deluxe,110₹,405,1
AndhraPradesh,StationGhanpur,MahalaxmiCinemasStationGhanpur,Telugu,14:00,Platinum,100₹,96,0
AndhraPradesh,Jammikunta,HariHaraTalkiesJammikunta,Telugu,14:00,Balcony,100₹,130,0
AndhraPradesh,Kodad,ConnplexSmartMiniplexKodad,Telugu,14:00,Miller,150₹,50,0
AndhraPradesh,Kodad,ConnplexSmartMiniplexKodad,Telugu,14:00,Lounger,150₹,12,0
AndhraPradesh,Dornakal,LaxmiTalkiesDornakal,Telugu,14:00,Balcony,70₹,160,0
AndhraPradesh,Zaheerabad,AsianMaheshwari70MmACDtsZaheerabad,Telugu,14:00,Gold,110₹,336,181
AndhraPradesh,Zaheerabad,AsianMaheshwari70MmACDtsZaheerabad,Telugu,14:00,Silver,80₹,262,2
AndhraPradesh,Peddapuram,LalithaSriLalithaTheatrePeddapuram,Telugu,14:00,FirstClass,100₹,116,0
AndhraPradesh,Peddapuram,LalithaSriLalithaTheatrePeddapuram,Telugu,14:00,SecondClass,70₹,116,0
AndhraPradesh,Mancherial,DeviTirumalaComplexMancherial,Telugu,14:00,Balcony,110₹,253,0
AndhraPradesh,Mancherial,DeviTirumalaComplexMancherial,Telugu,14:00,FirstClass,70₹,253,0
AndhraPradesh,Kaikaluru,SriVijayalakshmiTheatreKaikalur,Telugu,14:00,Box,100₹,75,0
AndhraPradesh,Kaikaluru,SriVijayalakshmiTheatreKaikalur,Telugu,14:00,Sofa,100₹,75,0
AndhraPradesh,Kaikaluru,SriVijayalakshmiTheatreKaikalur,Telugu,14:00,FirstClass,100₹,75,0
AndhraPradesh,Kaikaluru,SriVijayalakshmiTheatreKaikalur,Telugu,14:00,SecondClass,78₹,75,0
Telangana,Hyderabad,AsianGanga4KDilsukhnagar,Telugu,14:00,BoxA,150₹,27,27
Telangana,Hyderabad,AsianGanga4KDilsukhnagar,Telugu,14:00,BoxB,150₹,26,26
Telangana,Hyderabad,AsianGanga4KDilsukhnagar,Telugu,14:00,Balcony,150₹,537,45
Telangana,Hyderabad,AsianGanga4KDilsukhnagar,Telugu,14:00,FirstClass,110₹,170,17
AndhraPradesh,Gummadidala,SriVenkateshwaraTalkiesGummadidala,Telugu,14:00,Balcony,100₹,135,0
AndhraPradesh,Palwancha,SriVenkateshwaraPalvancha,Telugu,14:00,Balcony,110₹,46,0
AndhraPradesh,Jaggampeta,SriRajaveniTheatreJaggampeta,Telugu,14:00,FirstClass,100₹,198,0
AndhraPradesh,Nuzvid,DwarakaCinemas4KDolbyAtmosNuzvid,Telugu,14:00,Platinum,148₹,217,18
AndhraPradesh,Nuzvid,DwarakaCinemas4KDolbyAtmosNuzvid,Telugu,14:00,Gold,148₹,52,0
AndhraPradesh,Nuzvid,DwarakaCinemas4KDolbyAtmosNuzvid,Telugu,14:00,Silver,100₹,46,3
AndhraPradesh,Nallajerla,SriLakshmiMultiplexNovaCinemazNallajerla,Telugu,14:00,Gold,295₹,19,1
AndhraPradesh,Nallajerla,SriLakshmiMultiplexNovaCinemazNallajerla,Telugu,14:00,Executives,120₹,162,7
AndhraPradesh,Nallajerla,SriLakshmiMultiplexNovaCinemazNallajerla,Telugu,14:00,Loungers,295₹,18,3
Telangana,Hyderabad,TalluriTheatresKushaiguda,Telugu,14:00,Gold,150₹,555,350
Telangana,Hyderabad,TalluriTheatresKushaiguda,Telugu,14:00,Silver,75₹,140,1
AndhraPradesh,Kovvur,AnanyaCinemasKovvur,Telugu,14:10,FirstClass,112₹,289,41
AndhraPradesh,Kovvur,AnanyaCinemasKovvur,Telugu,14:10,SecondClass,80₹,105,18
AndhraPradesh,Kovvur,AnanyaCinemasKovvur,Telugu,14:10,Recliner,250₹,10,5
AndhraPradesh,Ravulapalem,PadmasriPicturePalaceRavulapalem,Telugu,14:10,FirstClass,100₹,175,0
AndhraPradesh,Ravulapalem,PadmasriPicturePalaceRavulapalem,Telugu,14:10,1stClass,100₹,175,0
AndhraPradesh,Ravulapalem,PadmasriPicturePalaceRavulapalem,Telugu,14:10,ThirdClass,100₹,175,0
AndhraPradesh,Narsampet,JayasriTalkiesNarsampet,Telugu,14:15,BoxA,100₹,16,0
Telangana,Hyderabad,SriKrishna70MmUppal,Telugu,14:15,LowerBalcony,110₹,256,0
Telangana,Hyderabad,SriKrishna70MmUppal,Telugu,14:15,DressCircle,80₹,260,0
AndhraPradesh,Amalapuram,VenkataramaACDts2KAmalapuram,Telugu,14:15,Platinum,110₹,366,60
Telangana,Hyderabad,Vimal70MmBalanagar,Telugu,14:15,DiamondCircle,150₹,246,0
Telangana,Hyderabad,Vimal70MmBalanagar,Telugu,14:15,FirstClass,100₹,78,0
AndhraPradesh,Madanapalle,RaviTheatreAC4KDolby71Madanapalle,Telugu,14:15,Balcony,112₹,132,96
AndhraPradesh,Madanapalle,RaviTheatreAC4KDolby71Madanapalle,Telugu,14:15,Reserved,112₹,213,51
AndhraPradesh,Madanapalle,RaviTheatreAC4KDolby71Madanapalle,Telugu,14:15,FirstClass,112₹,112,0
AndhraPradesh,Madanapalle,RaviTheatreAC4KDolby71Madanapalle,Telugu,14:15,SecondClass,89₹,180,24
Telangana,Hyderabad,Gokul70MmErragadda,Telugu,14:15,UpperBalcony,150₹,340,37
Telangana,Hyderabad,Gokul70MmErragadda,Telugu,14:15,LowerBalcony,150₹,262,6
Telangana,Hyderabad,Gokul70MmErragadda,Telugu,14:15,FirstClass,100₹,174,44
Telangana,Hyderabad,Gokul70MmErragadda,Telugu,14:15,SecondClass,50₹,205,53
AndhraPradesh,RajamahendravaramRajahmundry,MuralikrishnaCinemaAC4K3DDowlaiswaram,Telugu,14:15,Balcony,110₹,321,54
AndhraPradesh,RajamahendravaramRajahmundry,MuralikrishnaCinemaAC4K3DDowlaiswaram,Telugu,14:15,SecondClass,70₹,113,14
Telangana,Hyderabad,Sudarshan35Mm4KLaserDolbyAtmosRtcXRoads,Telugu,14:15,UpperBalcony,150₹,465,2
Telangana,Hyderabad,Sudarshan35Mm4KLaserDolbyAtmosRtcXRoads,Telugu,14:15,LowerBalcony,150₹,232,0
Telangana,Hyderabad,Sudarshan35Mm4KLaserDolbyAtmosRtcXRoads,Telugu,14:15,FirstClass,110₹,124,0
Telangana,Hyderabad,Sudarshan35Mm4KLaserDolbyAtmosRtcXRoads,Telugu,14:15,SecondClass,55₹,250,0
AndhraPradesh,Haliya,AcchiReddyTheaterACDolbyDtsHaliya,Telugu,14:15,Balcony,100₹,84,22
AndhraPradesh,Haliya,AcchiReddyTheaterACDolbyDtsHaliya,Telugu,14:15,LowerBalcony,100₹,120,54
AndhraPradesh,Haliya,AcchiReddyTheaterACDolbyDtsHaliya,Telugu,14:15,FirstClass,70₹,152,34
Telangana,Hyderabad,AsianSwapna70MmKatedan,Telugu,14:15,Platinum,110₹,323,15
Telangana,Hyderabad,AsianSwapna70MmKatedan,Telugu,14:15,Gold,80₹,189,18
AndhraPradesh,Warangal,BhavaniPicturePalaceKazipet,Telugu,14:15,Balcony,110₹,48,0
Telangana,Hyderabad,Ganesh70MmShamshabad,Telugu,14:15,Gold,110₹,174,34
Telangana,Hyderabad,Ganesh70MmShamshabad,Telugu,14:15,Silver,90₹,492,36
AndhraPradesh,Vikarabad,AsianSailajaVikarabad,Telugu,14:15,Gold,110₹,377,91
AndhraPradesh,Vikarabad,AsianSailajaVikarabad,Telugu,14:15,Silver,80₹,66,4
AndhraPradesh,Vatsavai,SriVenkateswaraTalkiesACVatsavai,Telugu,14:15,Premium,100₹,196,0
AndhraPradesh,Vatsavai,SriVenkateswaraTalkiesACVatsavai,Telugu,14:15,NonPremium,60₹,71,0
Orissa,Paralakhemundi,SkCinemaxParalakhemundi,Telugu,14:15,RoyalClass,120₹,225,0
AndhraPradesh,Vuyyuru,G3TheatresSrinivasaTheatreVuyyuru,Telugu,14:15,1Premium,100₹,218,0
AndhraPradesh,Vuyyuru,G3TheatresSrinivasaTheatreVuyyuru,Telugu,14:15,2NonPremium,78₹,218,0
AndhraPradesh,Thorrur,AsianRamakrishnaThorrur,Telugu,14:15,BoxA,110₹,9,9
AndhraPradesh,Thorrur,AsianRamakrishnaThorrur,Telugu,14:15,BoxB,110₹,14,14
AndhraPradesh,Thorrur,AsianRamakrishnaThorrur,Telugu,14:15,Balcony,110₹,288,75
AndhraPradesh,Thorrur,AsianRamakrishnaThorrur,Telugu,14:15,FirstClass,80₹,44,10
AndhraPradesh,Kodad,AsianSrinivasaKodad,Telugu,14:15,Silver,80₹,121,15
AndhraPradesh,Kodad,AsianSrinivasaKodad,Telugu,14:15,Balcony,110₹,540,150
AndhraPradesh,Devarakonda,AsianManojDevarakonda,Telugu,14:15,Balcony,110₹,388,130
Telangana,Hyderabad,BrHitech70MmMadhapur,Telugu,14:15,Box,110₹,60,60
Telangana,Hyderabad,BrHitech70MmMadhapur,Telugu,14:15,ReservedClass,110₹,321,86
Telangana,Hyderabad,BrHitech70MmMadhapur,Telugu,14:15,SecondClass,80₹,232,25
Telangana,Hyderabad,BrHitech70MmMadhapur,Telugu,14:15,ThirdClass,50₹,83,11
Telangana,Hyderabad,SuperCinemaBalapur,Telugu,14:15,Balcony,150₹,198,0
Telangana,Hyderabad,SuperCinemaBalapur,Telugu,14:15,RajaCircle,100₹,58,0
Telangana,Hyderabad,SushmaCinemaVanasthalipuram,Telugu,14:15,Balcony,150₹,204,0
Telangana,Hyderabad,SushmaCinemaVanasthalipuram,Telugu,14:15,DressCircle,110₹,32,0
AndhraPradesh,Vizianagaram,SriVenkateswaraACDolbyDtsSKota,Telugu,14:15,FirstClass,100₹,380,76
AndhraPradesh,Chintalapudi,SriRatnaPicturePalaceChintalapudi,Telugu,14:15,DressCircle,120₹,110,23
AndhraPradesh,Chintalapudi,SriRatnaPicturePalaceChintalapudi,Telugu,14:15,SecondClass,100₹,98,0
AndhraPradesh,Yellareddy,LaxmiTalkiesACYellareddy,Telugu,14:15,BoxA,100₹,20,0
AndhraPradesh,Yellareddy,LaxmiTalkiesACYellareddy,Telugu,14:15,BoxB,100₹,20,0
AndhraPradesh,Yellareddy,LaxmiTalkiesACYellareddy,Telugu,14:15,FirstClass,100₹,200,0
AndhraPradesh,Chennur,SrinivasaTheaterChennur,Telugu,14:15,UpperBalcony,100₹,84,0
AndhraPradesh,Chennur,SrinivasaTheaterChennur,Telugu,14:15,LowerBalcony,100₹,34,0
AndhraPradesh,Vinukonda,KeerthiCinemasVinukonda,Telugu,14:15,FirstClass,100₹,108,34
AndhraPradesh,Vinukonda,KeerthiCinemasVinukonda,Telugu,14:15,SecondClass,100₹,96,0
AndhraPradesh,Vinukonda,KeerthiCinemasVinukonda,Telugu,14:15,ThirdClass,100₹,70,0
AndhraPradesh,Yellandu,LalithaKalaMandirYellandu,Telugu,14:15,BoxA,110₹,10,0
AndhraPradesh,Yellandu,LalithaKalaMandirYellandu,Telugu,14:15,ReservedClass,110₹,56,0
AndhraPradesh,Karimnagar,SriThirumalaTheatreKarimnagar,Telugu,14:15,Balcony,110₹,464,0
AndhraPradesh,Karimnagar,SriThirumalaTheatreKarimnagar,Telugu,14:15,DressCircle,80₹,120,0
AndhraPradesh,Vijayawada,RamgopalTheaterVijayawada,Telugu,14:15,Balcony,65₹,63,0
AndhraPradesh,Vijayawada,RamgopalTheaterVijayawada,Telugu,14:15,FirstClass,65₹,67,0
AndhraPradesh,Mulugu,BalajiKalamandirMulugu,Telugu,14:15,Gold,100₹,54,0
AndhraPradesh,VizagVisakhapatnam,SriLakshmiNarasimhaPicturePalace104Area,Telugu,14:15,FirstClass,145₹,54,0
AndhraPradesh,Sangareddy,NatrajTheatreSangareddy,Telugu,14:15,Sofa,110₹,318,0
AndhraPradesh,Sangareddy,NatrajTheatreSangareddy,Telugu,14:15,Balcony,110₹,318,0
AndhraPradesh,Sangareddy,NatrajTheatreSangareddy,Telugu,14:15,SecondClass,80₹,318,0
AndhraPradesh,Angara,SriVenkataManikyambaTheatreAngara,Telugu,14:15,FirstClass,100₹,66,0
AndhraPradesh,Proddatur,SudhaTheaterACUfo2KDolbyProddatur,Telugu,14:15,Balcony,100₹,190,150
AndhraPradesh,Proddatur,SudhaTheaterACUfo2KDolbyProddatur,Telugu,14:15,Deluxe,100₹,304,76
AndhraPradesh,Miryalaguda,VenkateshwaraTheaterMiryalaguda,Telugu,14:15,Balcony,110₹,257,38
AndhraPradesh,Miryalaguda,VenkateshwaraTheaterMiryalaguda,Telugu,14:15,DownBalcony,110₹,154,0
AndhraPradesh,Miryalaguda,VenkateshwaraTheaterMiryalaguda,Telugu,14:15,SecondClass,80₹,146,12
AndhraPradesh,Miryalaguda,VenkateshwaraTheaterMiryalaguda,Telugu,14:15,LowerClass,50₹,161,34
AndhraPradesh,Miryalaguda,VenkateshwaraTheaterMiryalaguda,Telugu,14:15,ABox,110₹,35,0
AndhraPradesh,Miryalaguda,VenkateshwaraTheaterMiryalaguda,Telugu,14:15,BBox,110₹,50,0
AndhraPradesh,Agiripalli,SriAnuDeluxeAgiripalli,Telugu,14:15,Balcony,100₹,218,50
AndhraPradesh,Warangal,AmruthaCinemaHanumakonda,Telugu,14:15,UpperBalcony,110₹,376,151
AndhraPradesh,Warangal,AmruthaCinemaHanumakonda,Telugu,14:15,LowerBalcony,100₹,192,71
AndhraPradesh,Warangal,AmruthaCinemaHanumakonda,Telugu,14:15,DressCircle,80₹,116,16
AndhraPradesh,Warangal,AmruthaCinemaHanumakonda,Telugu,14:15,FirstClass,50₹,170,25
AndhraPradesh,Konithiwada,RamakrishnaTheatreACKonithiwada,Telugu,14:15,1Premium,100₹,224,0
AndhraPradesh,Konithiwada,RamakrishnaTheatreACKonithiwada,Telugu,14:15,2SecondClass,100₹,224,0
AndhraPradesh,Konithiwada,RamakrishnaTheatreACKonithiwada,Telugu,14:15,1ThirdClass,100₹,224,0
AndhraPradesh,Jaggayyapeta,G3TheatresKamala,Telugu,14:15,Recliners,295₹,260,0
AndhraPradesh,Jaggayyapeta,G3TheatresKamala,Telugu,14:15,Sofa,112₹,260,0
AndhraPradesh,Jaggayyapeta,G3TheatresKamala,Telugu,14:15,Balcony,112₹,260,0
AndhraPradesh,Jaggayyapeta,G3TheatresKamala,Telugu,14:15,SecondClass,90₹,260,0
AndhraPradesh,Anakapalle,StblCineWorldAtchutapuram,Telugu,14:15,SofaSeats,100₹,164,0
AndhraPradesh,Anakapalle,StblCineWorldAtchutapuram,Telugu,14:15,Premium,100₹,164,0
AndhraPradesh,Anakapalle,StblCineWorldAtchutapuram,Telugu,14:15,Executive,70₹,164,0
AndhraPradesh,VizagVisakhapatnam,StblCineWorldSheelanagarVizag,Telugu,14:15,Sofa,145₹,20,18
AndhraPradesh,VizagVisakhapatnam,StblCineWorldSheelanagarVizag,Telugu,14:15,PremiumClass,145₹,249,12
AndhraPradesh,VizagVisakhapatnam,StblCineWorldSheelanagarVizag,Telugu,14:15,ExecutiveClass,100₹,65,23
AndhraPradesh,Attili,SriVenkatramaHanumanPicturePalaceAttili,Telugu,14:15,FirstClass,100₹,219,0
AndhraPradesh,Attili,SriVenkatramaHanumanPicturePalaceAttili,Telugu,14:15,1stClass,100₹,219,0
AndhraPradesh,Narsipatnam,BangarajuPicturePalaceACDtsNarsipatnam,Telugu,14:15,FirstClass,112₹,361,0
AndhraPradesh,Narsipatnam,BangarajuPicturePalaceACDtsNarsipatnam,Telugu,14:15,ThirdClass,70₹,361,0
AndhraPradesh,VizagVisakhapatnam,StblCineWorldMadhurawadaVizag,Telugu,14:15,Recliners,250₹,350,0
AndhraPradesh,VizagVisakhapatnam,StblCineWorldMadhurawadaVizag,Telugu,14:15,Premium,145₹,350,0
AndhraPradesh,VizagVisakhapatnam,StblCineWorldMadhurawadaVizag,Telugu,14:15,Executive,100₹,350,0
Telangana,Hyderabad,MirajCinemasShaliniShivaniHyderabad,Telugu,14:15,Executive,150₹,579,60
Telangana,Hyderabad,MirajCinemasShaliniShivaniHyderabad,Telugu,14:15,Gold,250₹,29,28
AndhraPradesh,VizagVisakhapatnam,SreeKanyaCinemasGajuwaka,Telugu,14:20,Premium2,145₹,242,91
AndhraPradesh,VizagVisakhapatnam,SreeKanyaCinemasGajuwaka,Telugu,14:20,Premium3,145₹,122,0
AndhraPradesh,VizagVisakhapatnam,SreeKanyaCinemasGajuwaka,Telugu,14:20,NonPremium,100₹,137,67
AndhraPradesh,Eluru,AmbicaDeluxEluru,Telugu,14:20,FirstClass,150₹,57,4
Telangana,Hyderabad,LakshmiKalaMandirAlwal,Telugu,14:30,Balcony,100₹,196,0
Telangana,Hyderabad,LakshmiKalaMandirAlwal,Telugu,14:30,ReservedClass,70₹,96,0
Telangana,Hyderabad,LakshmiKalaMandirAlwal,Telugu,14:30,SecondClass,50₹,32,0
AndhraPradesh,Nandyal,PrathapACDtsNandyal,Telugu,14:30,Premium,110₹,294,157
AndhraPradesh,Nandyal,PrathapACDtsNandyal,Telugu,14:30,NonPremium,80₹,429,87
AndhraPradesh,Vijayawada,SivakrishnaCinemasAC2KDtsKondapalli,Telugu,14:30,Prime,100₹,263,16
AndhraPradesh,Kakinada,Padmapriya2KDolbyAtmosKakinada,Telugu,14:30,Diplomat,112₹,54,7
AndhraPradesh,RajamahendravaramRajahmundry,SriVenkataSuryaPicturePalace2KKadiam,Telugu,14:30,FirstClass,100₹,291,25
AndhraPradesh,RajamahendravaramRajahmundry,SriVenkataSuryaPicturePalace2KKadiam,Telugu,14:30,SecondClass,70₹,96,17
AndhraPradesh,Tallapudi,SriSaiTejaTheatreTallapudi,Telugu,14:30,FirstClass,100₹,162,3
AndhraPradesh,Tallapudi,SriSaiTejaTheatreTallapudi,Telugu,14:30,SecondClass,70₹,21,0
AndhraPradesh,Tallapudi,SriSaiTejaTheatreTallapudi,Telugu,14:30,ThirdClass,70₹,54,0
Telangana,Hyderabad,PrasadsHyderabad,Telugu,14:30,Executive,250₹,390,77
AndhraPradesh,Vijayawada,ApsaraCinemaHouseVijayawada,Telugu,14:30,Balcony,110₹,250,58
AndhraPradesh,Vijayawada,ApsaraCinemaHouseVijayawada,Telugu,14:30,DressCircle,110₹,62,18
AndhraPradesh,Vijayawada,ApsaraCinemaHouseVijayawada,Telugu,14:30,FirstClass,90₹,369,76
AndhraPradesh,Vijayawada,ApsaraCinemaHouseVijayawada,Telugu,14:30,SecondClass,70₹,227,67
AndhraPradesh,Rampachodavaram,LalithaTalkies2KACDtsRampachodavaram,Telugu,14:30,FirstClass,100₹,393,36
AndhraPradesh,Rampachodavaram,LalithaTalkies2KACDtsRampachodavaram,Telugu,14:30,SecondClass,80₹,48,0
AndhraPradesh,Markapur,JagadeeswariTheatreAC4KDolbyAtmosMarkapur,Telugu,14:30,FirstClass,100₹,483,91
AndhraPradesh,Kallur,MnrCinemaxPrabhakarPicturePalaceKallur,Telugu,14:30,FirstClass,100₹,138,0
AndhraPradesh,RajamahendravaramRajahmundry,VsMahal4KDolbyAtmos3DNamavaram,Telugu,14:30,FirstClass,110₹,321,52
AndhraPradesh,Pileru,CsnCinemaShukurPicturePalacePileru,Telugu,14:30,Diamond,100₹,318,0
AndhraPradesh,Pileru,CsnCinemaShukurPicturePalacePileru,Telugu,14:30,Gold,100₹,46,0
AndhraPradesh,Vijayawada,TaraScreens2KACPayakapuramVijayawada,Telugu,14:30,Recliner,295₹,10,0
AndhraPradesh,Vijayawada,TaraScreens2KACPayakapuramVijayawada,Telugu,14:30,GoldClass,112₹,214,27
AndhraPradesh,Vijayawada,TaraScreens2KACPayakapuramVijayawada,Telugu,14:30,SilverClass,78₹,40,11
AndhraPradesh,KovurNellore,SrinivasTheatreKovur,Telugu,14:30,Premium,100₹,318,0
AndhraPradesh,KovurNellore,SrinivasTheatreKovur,Telugu,14:30,Premium,100₹,318,0
AndhraPradesh,KovurNellore,SrinivasTheatreKovur,Telugu,14:30,NonPremium,100₹,318,0
AndhraPradesh,Adilabad,AsianNatarajDeluxeAdilabad,Telugu,14:30,Balcony,110₹,334,93
AndhraPradesh,Vijayawada,SwathiTheaterBhavanipuramNewlyRenovated,Telugu,14:30,PremiumClass,110₹,320,16
AndhraPradesh,Vijayawada,SwathiTheaterBhavanipuramNewlyRenovated,Telugu,14:30,EconomyClass,60₹,107,20
AndhraPradesh,Gollaprolu,SriGovindaMahalGollaprolu,Telugu,14:30,Gold,100₹,327,49
AndhraPradesh,Tirupati,SrinivasTejaACDtsTirupati,Telugu,14:30,Platinum,125₹,207,36
AndhraPradesh,Tirupati,SrinivasTejaACDtsTirupati,Telugu,14:30,Gold,80₹,78,25
AndhraPradesh,RajamahendravaramRajahmundry,GeethaApsaraTheatreRajahmundry,Telugu,14:30,Premium,112₹,394,0
AndhraPradesh,RajamahendravaramRajahmundry,GeethaApsaraTheatreRajahmundry,Telugu,14:30,NonPremium,75₹,394,0
AndhraPradesh,Vijayawada,BalajiIconiaAC2KDolbySurroundIbrahimpatnam,Telugu,14:30,Gold,295₹,18,0
AndhraPradesh,Vijayawada,BalajiIconiaAC2KDolbySurroundIbrahimpatnam,Telugu,14:30,Silver,120₹,315,42
AndhraPradesh,Husnabad,VenkateshwaraTheatreHusnabad,Telugu,14:30,FirstClass,100₹,176,0
AndhraPradesh,Husnabad,VenkateshwaraTheatreHusnabad,Telugu,14:30,SecondClass,100₹,176,0
AndhraPradesh,Samalkota,VigneswaraTheatreSamalkota,Telugu,14:30,Premium,110₹,269,99
AndhraPradesh,Samalkota,VigneswaraTheatreSamalkota,Telugu,14:30,NonPremium,90₹,76,76
AndhraPradesh,Ongole,SatyamAC4KDolbyAtmosOngole,Telugu,14:30,Platinum,250₹,19,2
AndhraPradesh,Ongole,SatyamAC4KDolbyAtmosOngole,Telugu,14:30,Gold,150₹,362,75
AndhraPradesh,Ongole,SatyamAC4KDolbyAtmosOngole,Telugu,14:30,Executive,70₹,38,24
AndhraPradesh,Khammam,Vinoda2KDolbyAtmosKhammam,Telugu,14:30,GoldUpper,110₹,155,117
AndhraPradesh,Khammam,Vinoda2KDolbyAtmosKhammam,Telugu,14:30,GoldLower,110₹,368,6
AndhraPradesh,Khammam,Vinoda2KDolbyAtmosKhammam,Telugu,14:30,Silver,80₹,96,22
AndhraPradesh,Khammam,Vinoda2KDolbyAtmosKhammam,Telugu,14:30,FirstClass,50₹,155,78
AndhraPradesh,Bhupalpalle,UrvashiTheatreBhupalpalle,Telugu,14:30,Balcony,100₹,40,0
AndhraPradesh,Gudlavalleru,RamaKrishnaTheaterGudlavalleru,Telugu,14:30,Box,100₹,79,0
AndhraPradesh,Gudivada,G3BhaskarTalkiesGudivada,Telugu,14:30,Recliners,295₹,310,0
AndhraPradesh,Gudivada,G3BhaskarTalkiesGudivada,Telugu,14:30,FirstClass,112₹,310,0
AndhraPradesh,Gudivada,G3BhaskarTalkiesGudivada,Telugu,14:30,SecondClass,90₹,310,0
AndhraPradesh,RajamahendravaramRajahmundry,FortuneFourCinemasAC2K71Rajanagaram,Telugu,14:30,FirstClass,110₹,302,65
AndhraPradesh,Vijayawada,VenkataKrishnaTheatreACDtsPoranki,Telugu,14:30,Balcony,110₹,139,0
AndhraPradesh,Mahabubabad,LaxmiKalamandir2KDolby71ACMahabubabad,Telugu,14:30,Bolcony,110₹,351,93
AndhraPradesh,Mahabubabad,LaxmiKalamandir2KDolby71ACMahabubabad,Telugu,14:30,FirstClass,80₹,87,0
AndhraPradesh,Godavarikhani,RajeshTheatreGodavarikhani,Telugu,14:30,Balcony,110₹,419,0
AndhraPradesh,Godavarikhani,RajeshTheatreGodavarikhani,Telugu,14:30,DressCircle,80₹,118,0
AndhraPradesh,Anaparthi,SriSatyaGowriTheatreAnaparthi,Telugu,14:30,FirstClass,100₹,56,0
AndhraPradesh,Anaparthi,SriSatyaGowriTheatreAnaparthi,Telugu,14:30,SecondClass,70₹,56,0
AndhraPradesh,Giddalur,SrinivasaTheaterGiddalur,Telugu,14:30,Platinum,100₹,374,52
AndhraPradesh,VizagVisakhapatnam,MSTataPicturePalaceACDtsThagarapuvalasa,Telugu,14:30,PremiumClass,145₹,382,80
AndhraPradesh,VizagVisakhapatnam,MSTataPicturePalaceACDtsThagarapuvalasa,Telugu,14:30,SecondClass,100₹,146,56
AndhraPradesh,Anantapur,SvCinemax4KDolbyAtmosAnantapur,Telugu,14:30,Gold,148₹,168,0
AndhraPradesh,Anantapur,SvCinemax4KDolbyAtmosAnantapur,Telugu,14:30,Diamond,148₹,316,278
AndhraPradesh,Amaravathi,SriSrinivasaTheaterAmaravathi,Telugu,14:30,FirstClass,100₹,288,126
AndhraPradesh,Amaravathi,SriSrinivasaTheaterAmaravathi,Telugu,14:30,SecondClass,100₹,66,0
AndhraPradesh,Chittoor,MsrMovieLandAC2KDolby74SurroundChittoor,Telugu,14:30,Balcony,145₹,190,0
AndhraPradesh,Chittoor,MsrMovieLandAC2KDolby74SurroundChittoor,Telugu,14:30,FirstClass,110₹,274,0
AndhraPradesh,Chittoor,MsrMovieLandAC2KDolby74SurroundChittoor,Telugu,14:30,SecondClass,110₹,180,0
AndhraPradesh,Narayankhed,VenkateshwaraTalkiesNarayankhed,Telugu,14:30,Balcony,100₹,150,0
AndhraPradesh,Edlapadu,JayalakshmiMovieLandEdlapadu,Telugu,14:30,Platinum,100₹,54,0
AndhraPradesh,Puttur,VishnuMahalTheaterPuttur,Telugu,14:30,PremiumClass,120₹,446,0
AndhraPradesh,Tekkali,SudarshanTheatreTekkali,Telugu,14:30,FirstClass,100₹,44,0
,Shankarampet,LaxmiTalkiesShankarampeta,Telugu,14:30,Balcony,70₹,200,0
AndhraPradesh,Vizianagaram,SriLeelaMahalACDtsVizianagaram,Telugu,14:30,Balcony,112₹,499,238
AndhraPradesh,Vizianagaram,SriLeelaMahalACDtsVizianagaram,Telugu,14:30,ThirdClass,78₹,167,135
AndhraPradesh,Kadapa,RameshTheatreAC4KDolbyAtmosKadapa,Telugu,14:30,Gold,150₹,275,126
AndhraPradesh,Pedana,SriKrishnaTulasiTheaterPedana,Telugu,14:30,Box,100₹,33,0
AndhraPradesh,Kakinada,SuryaCinemaxKakinada,Telugu,14:30,FirstClass,100₹,168,75
AndhraPradesh,Kakinada,SuryaCinemaxKakinada,Telugu,14:30,SecondClass,60₹,42,8
Telangana,Hyderabad,VlsSridevi2KACDtsChilakalguda,Telugu,14:30,UpperBalcony,110₹,158,74
Telangana,Hyderabad,VlsSridevi2KACDtsChilakalguda,Telugu,14:30,LowerBalcony,80₹,472,65
AndhraPradesh,VizagVisakhapatnam,Jagadamba4KVizag,Telugu,14:30,1Premium,145₹,276,33
AndhraPradesh,VizagVisakhapatnam,Jagadamba4KVizag,Telugu,14:30,2Premium,145₹,310,3
AndhraPradesh,VizagVisakhapatnam,Jagadamba4KVizag,Telugu,14:30,1NonPremium,100₹,217,22
AndhraPradesh,VizagVisakhapatnam,Jagadamba4KVizag,Telugu,14:30,2NonPremium,100₹,213,2
Telangana,Mahbubnagar,AvdCinemasMahbubnagar,Telugu,14:30,UpperClass,150₹,500,180
Telangana,Mahbubnagar,AvdCinemasMahbubnagar,Telugu,14:30,LowerClass,110₹,126,24
AndhraPradesh,Peddapalli,Srinivasa70MmAcDeluxPeddapalli,Telugu,14:30,Balcony,110₹,201,0
AndhraPradesh,Peddapalli,Srinivasa70MmAcDeluxPeddapalli,Telugu,14:30,DressCircle,80₹,201,0
AndhraPradesh,Peddapalli,Srinivasa70MmAcDeluxPeddapalli,Telugu,14:30,SecondClass,50₹,201,0
Telangana,Hyderabad,AsianShaShahenshaChintal,Telugu,14:30,Gold,175₹,560,258
Telangana,Hyderabad,AsianShaShahenshaChintal,Telugu,14:30,Silver,110₹,156,116
AndhraPradesh,Repalle,SriKrishnaAC4KDolbyAtmosRepalle,Telugu,14:30,Gold,110₹,303,0
AndhraPradesh,Repalle,SriKrishnaAC4KDolbyAtmosRepalle,Telugu,14:30,Chair,80₹,303,0
AndhraPradesh,Macherla,NagarjunaKalamandirMacherla,Telugu,14:30,AClass,100₹,421,0
AndhraPradesh,Macherla,NagarjunaKalamandirMacherla,Telugu,14:30,BClass,100₹,421,0
AndhraPradesh,Macherla,NagarjunaKalamandirMacherla,Telugu,14:30,CClass,100₹,421,0
AndhraPradesh,Macherla,NagarjunaKalamandirMacherla,Telugu,14:30,DClass,100₹,421,0
AndhraPradesh,Tatipaka,AnnapurnaTheatreAcDts2KTatipaka,Telugu,14:30,XExecutive,100₹,204,0
AndhraPradesh,Tatipaka,AnnapurnaTheatreAcDts2KTatipaka,Telugu,14:30,YFirstClass,100₹,204,0
AndhraPradesh,Machilipatnam,G3TheatresMachilipatnam,Telugu,14:30,PremiumClass,148₹,337,0
AndhraPradesh,Machilipatnam,G3TheatresMachilipatnam,Telugu,14:30,NonPremium,112₹,337,0
AndhraPradesh,Tadikalapudi,RevathiTheatreTadikalapudi,Telugu,14:30,FirstClass,150₹,78,0
AndhraPradesh,Tadikalapudi,RevathiTheatreTadikalapudi,Telugu,14:30,SecondClass,100₹,78,0
AndhraPradesh,Tadikalapudi,RevathiTheatreTadikalapudi,Telugu,14:30,Sofa,150₹,78,0
AndhraPradesh,VizagVisakhapatnam,KinneraCinemaMaddilapalem,Telugu,14:30,Premium,145₹,60,6
AndhraPradesh,Chodavaram,LakshmiTheatreChodavaram,Telugu,14:30,GoldClass,100₹,95,0
AndhraPradesh,Chodavaram,LakshmiTheatreChodavaram,Telugu,14:30,SilverClass,60₹,95,0
AndhraPradesh,VizagVisakhapatnam,StblBalajiVillageCinemaSabbavaramVizag,Telugu,14:30,FirstClass,100₹,217,0
AndhraPradesh,VizagVisakhapatnam,StblBalajiVillageCinemaSabbavaramVizag,Telugu,14:30,SecondClass,70₹,217,0
AndhraPradesh,Narasannapeta,SreeDeviPicturePalaceNarasannapeta,Telugu,14:30,Premium,100₹,115,0
AndhraPradesh,Narasannapeta,SreeDeviPicturePalaceNarasannapeta,Telugu,14:30,NonPremium2Cl,80₹,115,0
Telangana,Hyderabad,CineTownIndraNagendraKarmanghat,Telugu,14:30,UpperBalcony,150₹,327,83
Telangana,Hyderabad,CineTownIndraNagendraKarmanghat,Telugu,14:30,FamilyCircle,150₹,28,28
Telangana,Hyderabad,CineTownIndraNagendraKarmanghat,Telugu,14:30,LowerBalcony,110₹,140,16
Telangana,Hyderabad,CineTownIndraNagendraKarmanghat,Telugu,14:30,LowerClass,50₹,124,33
AndhraPradesh,Nandikotkur,SanthiTheaterACDtsNandikotkur,Telugu,14:30,Platinum,100₹,334,75
AndhraPradesh,Sompeta,SksSivaMaxACSompeta,Telugu,14:30,FirstClass,100₹,372,126
AndhraPradesh,Sompeta,SksSivaMaxACSompeta,Telugu,14:30,SecondClass,100₹,24,0
AndhraPradesh,Sompeta,SksSivaMaxACSompeta,Telugu,14:30,ThirdClass,100₹,108,0
AndhraPradesh,Sattenapalle,SaiKrishna4KDolbyAtmosUltraHd3D,Telugu,14:30,Recliner,150₹,10,0
AndhraPradesh,Sattenapalle,SaiKrishna4KDolbyAtmosUltraHd3D,Telugu,14:30,Sofa,120₹,64,8
AndhraPradesh,Sattenapalle,SaiKrishna4KDolbyAtmosUltraHd3D,Telugu,14:30,LowerBalcony,100₹,131,6
AndhraPradesh,Sattenapalle,SaiKrishna4KDolbyAtmosUltraHd3D,Telugu,14:30,FirstClass,70₹,72,1
AndhraPradesh,Sattenapalle,SaiKrishna4KDolbyAtmosUltraHd3D,Telugu,14:30,SecondClass,50₹,72,5
Telangana,Hyderabad,SriSaiRam70MmAC4KDolbyAtmosMalkajgiri,Telugu,14:30,Paltinum,110₹,265,114
Telangana,Hyderabad,SriSaiRam70MmAC4KDolbyAtmosMalkajgiri,Telugu,14:30,Gold,80₹,316,93
Telangana,Hyderabad,SriSaiRam70MmAC4KDolbyAtmosMalkajgiri,Telugu,14:30,Silver,50₹,118,47
AndhraPradesh,Malikipuram,PadmajaPicturePalace2KACDtsMalikipuram,Telugu,14:30,1stClass,100₹,220,10
AndhraPradesh,Dhone,SriSrinivasaTheaterDhone,Telugu,14:35,Platinum,100₹,362,2
AndhraPradesh,Ongole,G2VTheatersRaviPriyaMallOngole,Telugu,14:40,PlatinumRecliner,295₹,10,5
AndhraPradesh,Ongole,G2VTheatersRaviPriyaMallOngole,Telugu,14:40,Gold,177₹,234,42
Karnataka,Bengaluru,RaviDigital4KACCinemaSarjapura,Telugu,14:40,Balcony,130₹,224,0
Karnataka,Bengaluru,RaviDigital4KACCinemaSarjapura,Telugu,14:40,FirstClass,110₹,501,0
Orissa,BerhampurOdisha,SivamaxAc71DolbyDigitalBerhampur,Telugu,14:45,Balcony,100₹,124,1
Orissa,BerhampurOdisha,SivamaxAc71DolbyDigitalBerhampur,Telugu,14:45,RearStall,70₹,180,0
Telangana,Hyderabad,Bhramaramba70MmACDtsKukatpally,Telugu,14:45,MaharajaCircle,150₹,488,166
Telangana,Hyderabad,Bhramaramba70MmACDtsKukatpally,Telugu,14:45,DressCircle,100₹,190,96
AndhraPradesh,Guntur,HariharCinemasGuntur,Telugu,14:45,Balcony,147₹,133,49
AndhraPradesh,Guntur,HariharCinemasGuntur,Telugu,14:45,PseudoBalcony,147₹,158,0
AndhraPradesh,Guntur,HariharCinemasGuntur,Telugu,14:45,LowerClass,84₹,103,20
AndhraPradesh,Tirupati,PadmaPicturePalaceAC4KDolbyAtmosRenigunta,Telugu,14:45,Platinum,100₹,280,23
AndhraPradesh,Tirupati,PadmaPicturePalaceAC4KDolbyAtmosRenigunta,Telugu,14:45,Gold,80₹,110,2
AndhraPradesh,Ongole,RatnaMahalAC4KDolbyAtmosOngole,Telugu,14:45,Gold,150₹,322,85
AndhraPradesh,Ongole,RatnaMahalAC4KDolbyAtmosOngole,Telugu,14:45,Executive,70₹,51,17
AndhraPradesh,Anantapur,ChhotuMaharajCineCafeAnantapur,Telugu,14:45,Classique,112₹,88,5
AndhraPradesh,Tirupati,SvCinemasAC4KDolbyAtmosChandragiri,Telugu,14:45,DiamondClass,100₹,255,3
AndhraPradesh,Tirupati,SvCinemasAC4KDolbyAtmosChandragiri,Telugu,14:45,GoldClass,80₹,70,0
AndhraPradesh,Buchireddypalem,RajKishoreTheatreBuchireddypalem,Telugu,14:45,FirstClass,100₹,200,0
AndhraPradesh,Buchireddypalem,RajKishoreTheatreBuchireddypalem,Telugu,14:45,SecondClass,100₹,200,0
Telangana,Hyderabad,AsianLakshmikalaCineprideMoosapet,Telugu,14:45,Platinum,150₹,718,146
Telangana,Hyderabad,AsianLakshmikalaCineprideMoosapet,Telugu,14:45,Gold,100₹,70,22
Telangana,Hyderabad,AsianLakshmikalaCineprideMoosapet,Telugu,14:45,Silver,50₹,157,65
AndhraPradesh,Guntakal,KpsMoviesGuntakal,Telugu,14:45,FirstClass,110₹,284,106
AndhraPradesh,Guntakal,KpsMoviesGuntakal,Telugu,14:45,SecondClass,80₹,178,25
AndhraPradesh,Guntakal,KpsMoviesGuntakal,Telugu,14:45,ThirdClass,80₹,58,0
AndhraPradesh,Warangal,AsianGeminiTheatreWarangal,Telugu,14:45,Platinum,150₹,285,32
AndhraPradesh,Warangal,AsianGeminiTheatreWarangal,Telugu,14:45,UpperClass,100₹,195,90
AndhraPradesh,Warangal,AsianGeminiTheatreWarangal,Telugu,14:45,Silver,80₹,56,0
AndhraPradesh,Vijayawada,G3RajYuvraj4KDolbyAtmosVijayawada,Telugu,14:45,GoldClass,177₹,84,12
Telangana,Hyderabad,IndraVenkataramanaPadmavatiCinemaKachiguda,Telugu,14:45,EliteRecliners,235₹,42,11
Telangana,Hyderabad,IndraVenkataramanaPadmavatiCinemaKachiguda,Telugu,14:45,EliteSofa,175₹,176,33
Telangana,Hyderabad,IndraVenkataramanaPadmavatiCinemaKachiguda,Telugu,14:45,Premium,150₹,286,286
Telangana,Hyderabad,IndraVenkataramanaPadmavatiCinemaKachiguda,Telugu,14:45,Economy,80₹,126,24
AndhraPradesh,Nellore,RainCinemaNellore,Telugu,14:55,Premium,150₹,302,35
AndhraPradesh,Nellore,RainCinemaNellore,Telugu,14:55,Popular,112₹,79,2
AndhraPradesh,Tirupati,NvrJaysyamAC4KDolbyAtmosTirupati,Telugu,15:00,Diamond,125₹,430,17
AndhraPradesh,Tirupati,NvrJaysyamAC4KDolbyAtmosTirupati,Telugu,15:00,Gold,80₹,152,0
AndhraPradesh,Vijayawada,MirajCinemasShantiPrashantiVijayawada,Telugu,15:00,Balcony,177₹,64,3
AndhraPradesh,Vijayawada,MirajCinemasShantiPrashantiVijayawada,Telugu,15:00,FirstClass,177₹,419,2
Telangana,Hyderabad,MirajCinemasRaghavendraHyderabad,Telugu,15:00,Executive,150₹,292,7
Telangana,Hyderabad,MirajCinemasRaghavendraHyderabad,Telugu,15:00,Gold,235₹,20,4
Telangana,Hyderabad,MirajCinemasRaghavendraHyderabad,Telugu,15:00,Executivep,150₹,348,2
AndhraPradesh,Nellore,SiriMultiplexNellore,Telugu,15:05,Gold,140₹,367,0
AndhraPradesh,Nellore,SiriMultiplexNellore,Telugu,15:05,PlatinumSofas,140₹,367,0
AndhraPradesh,Nellore,SiriMultiplexNellore,Telugu,15:05,Silver,110₹,367,0
TamilNadu,Chennai,MayajaalMultiplexEcrChennai,Telugu,15:15,FirstClass,202₹,137,3
Telangana,Hyderabad,InoxGsmMallHyderabad,Telugu,15:20,Royal,250₹,17,17
Telangana,Hyderabad,InoxGsmMallHyderabad,Telugu,15:20,Executive,150₹,287,83
Karnataka,Bengaluru,PvrOrionUptownOldMadrasRoadBengaluru,Telugu,15:25,Classic,190₹,165,39
Karnataka,Bengaluru,PvrOrionUptownOldMadrasRoadBengaluru,Telugu,15:25,Recliner,410₹,12,11
TamilNadu,Chennai,AgsCinemasTNagar,Telugu,15:40,Diamond,200₹,197,36
TamilNadu,Chennai,AgsCinemasTNagar,Telugu,15:40,Pearl,63₹,24,24
Karnataka,Bengaluru,PvrAuraParkSquareBengaluru,Telugu,15:40,Classic,220₹,166,22
Karnataka,Bengaluru,PvrAuraParkSquareBengaluru,Telugu,15:40,Recliner,480₹,16,0
Telangana,Hyderabad,CinepolisSudhaCinemasHyderabad,Telugu,16:00,Normal,150₹,72,0
Telangana,Hyderabad,CinepolisSudhaCinemasHyderabad,Telugu,16:00,Executive,150₹,133,52
AndhraPradesh,Vijayawada,InoxLeplIconPatamata,Telugu,16:00,Royal,295₹,21,12
AndhraPradesh,Vijayawada,InoxLeplIconPatamata,Telugu,16:00,Club,177₹,331,41
Karnataka,Bengaluru,PvrGoldVrBengaluruWhitefieldRoad,Telugu,16:05,Gold,800₹,48,2
Karnataka,Bengaluru,PvrGoldVrBengaluruWhitefieldRoad,Telugu,16:05,GoldPrime,900₹,8,1
Punjab,Jalandhar,PvrFriendsJalandhar,Telugu,16:05,Classic,150₹,33,4
Punjab,Jalandhar,PvrFriendsJalandhar,Telugu,16:05,Prime,175₹,55,11
AndhraPradesh,Nizamabad,AsianUshaPrasadMultiplexNizamabad,Telugu,16:10,Gold,150₹,357,18
AndhraPradesh,Nizamabad,AsianUshaPrasadMultiplexNizamabad,Telugu,16:10,Silver,112₹,54,0
AndhraPradesh,Vijayawada,CinepolisPvpSquareMallVijayawada,Telugu,16:10,Normal,177₹,224,62
Telangana,Hyderabad,InoxSattvaNecklaceMallKavadiguda,Telugu,16:10,Royal,250₹,16,15
Telangana,Hyderabad,InoxSattvaNecklaceMallKavadiguda,Telugu,16:10,Executive,150₹,294,43
AndhraPradesh,VizagVisakhapatnam,InoxCmrCentralGajuwaka,Telugu,16:10,Royal,295₹,11,5
AndhraPradesh,VizagVisakhapatnam,InoxCmrCentralGajuwaka,Telugu,16:10,Executive,177₹,294,49
Telangana,Hyderabad,AsianMuktaCinemasA2MjrSquareNarapally,Telugu,16:15,Gold,150₹,370,60
Telangana,Hyderabad,AsianMuktaCinemasA2MjrSquareNarapally,Telugu,16:15,Loungers,150₹,13,4
Telangana,Hyderabad,MirajCinemasGeetaChandanagar,Telugu,16:15,Gold,250₹,86,12
Telangana,Hyderabad,MirajCinemasGeetaChandanagar,Telugu,16:15,Executive,150₹,349,28
Telangana,Hyderabad,PvrInorbitCyberabad,Telugu,16:20,Classic,150₹,161,48
Telangana,Hyderabad,PvrRkCineplexHyderabad,Telugu,16:20,Classic,150₹,429,45
Telangana,Hyderabad,PvrRkCineplexHyderabad,Telugu,16:20,Recliner,250₹,52,13
Telangana,Hyderabad,InoxGsmMallHyderabad,Telugu,16:20,Royal,250₹,17,17
Telangana,Hyderabad,InoxGsmMallHyderabad,Telugu,16:20,Executive,150₹,386,73
AndhraPradesh,Narsipatnam,PvrSreeKanyaNarsipatnam,Telugu,16:20,Classic,60₹,45,10
AndhraPradesh,Narsipatnam,PvrSreeKanyaNarsipatnam,Telugu,16:20,ClassicPlus,150₹,354,14
Telangana,Hyderabad,PvrMusarambaghHyderabad,Telugu,16:20,Classic,150₹,188,93
Telangana,Hyderabad,PvrMusarambaghHyderabad,Telugu,16:20,Recliner,250₹,8,8
AndhraPradesh,Vizianagaram,InoxNcsMallVizianagaram,Telugu,16:20,Exclusive,177₹,318,35
Telangana,Hyderabad,MirajCinemasA2ACentralMallBalanagar,Telugu,16:20,Executive,150₹,338,56
Telangana,Hyderabad,MirajCinemasA2ACentralMallBalanagar,Telugu,16:20,Gold,250₹,25,10
AndhraPradesh,Podalakur,JamunaComplexPodalakur,Telugu,16:20,Platinum,100₹,166,43
AndhraPradesh,Podalakur,JamunaComplexPodalakur,Telugu,16:20,Gold,80₹,60,0
AndhraPradesh,VizagVisakhapatnam,InoxVarunBeachBeachRoad,Telugu,16:20,Royal,295₹,18,17
AndhraPradesh,VizagVisakhapatnam,InoxVarunBeachBeachRoad,Telugu,16:20,Excutive,177₹,245,46
AndhraPradesh,VizagVisakhapatnam,InoxVizagChitralayaMall,Telugu,16:20,Royale,295₹,15,11
AndhraPradesh,VizagVisakhapatnam,InoxVizagChitralayaMall,Telugu,16:20,Executive,177₹,320,52
Telangana,Hyderabad,AmbCinemasGachibowli,Telugu,16:25,Platinum,350₹,14,13
Telangana,Hyderabad,AmbCinemasGachibowli,Telugu,16:25,Gold,295₹,403,155
Telangana,Hyderabad,AmbCinemasGachibowli,Telugu,16:25,Loungers,295₹,19,2
AndhraPradesh,Karimnagar,AsianMuktaA2SrinivasaTheatreKarimnagar,Telugu,16:25,Premium,195₹,24,18
AndhraPradesh,Karimnagar,AsianMuktaA2SrinivasaTheatreKarimnagar,Telugu,16:25,Gold,150₹,234,21
AndhraPradesh,Karimnagar,AsianMuktaA2SrinivasaTheatreKarimnagar,Telugu,16:25,Silver,112₹,78,1
Telangana,Hyderabad,BvkMultiplexVijayalakshmiLbNagar,Telugu,16:25,BoxA,250₹,24,8
Telangana,Hyderabad,BvkMultiplexVijayalakshmiLbNagar,Telugu,16:25,BoxB,250₹,24,5
Telangana,Hyderabad,BvkMultiplexVijayalakshmiLbNagar,Telugu,16:25,Balcony,200₹,596,68
Telangana,Hyderabad,PvrAtriumGachibowliHyderabad,Telugu,16:30,Classic,150₹,276,31
Telangana,Hyderabad,PvrAtriumGachibowliHyderabad,Telugu,16:30,Recliner,250₹,16,7
Karnataka,Bengaluru,BhumikaDigital2KCinemaGandhinagar,Telugu,16:30,Balcony,150₹,318,93
Karnataka,Bengaluru,BhumikaDigital2KCinemaGandhinagar,Telugu,16:30,Middle,120₹,576,96
Telangana,Hyderabad,GprMultiplexNizampetHyderabad,Telugu,16:30,Sofa,250₹,25,20
Telangana,Hyderabad,GprMultiplexNizampetHyderabad,Telugu,16:30,Gold,200₹,658,16
Telangana,Hyderabad,AsianCineplanetMultiplexKompally,Telugu,16:30,Gold,170₹,382,119
AndhraPradesh,Guntur,PvrTheCinemaGuntur,Telugu,16:30,Premium,295₹,10,7
AndhraPradesh,Guntur,PvrTheCinemaGuntur,Telugu,16:30,Deluxe,177₹,170,33
Telangana,Hyderabad,PvrCentralMallPanjagutta,Telugu,16:30,Classic,150₹,416,69
AndhraPradesh,Warangal,AsianSrideviMultiplexHanumakonda,Telugu,16:30,Gold,180₹,308,84
AndhraPradesh,Warangal,AsianSrideviMultiplexHanumakonda,Telugu,16:30,Silver,150₹,30,0
Telangana,Hyderabad,AsianRadhikaMultiplexEcil,Telugu,16:30,Gold,180₹,360,110
Telangana,Hyderabad,InoxGvkOneBanjaraHills,Telugu,16:30,Royal,250₹,14,14
Telangana,Hyderabad,InoxGvkOneBanjaraHills,Telugu,16:30,Executive,195₹,257,70
Telangana,Hyderabad,PvrIconHitechMadhapurHyderabad,Telugu,16:30,Classic,150₹,289,37
Telangana,Hyderabad,PvrIconHitechMadhapurHyderabad,Telugu,16:30,Recliner,250₹,13,9
AndhraPradesh,Vijayawada,InoxUrvasiComplexGandhiNagar,Telugu,16:30,Club,177₹,570,40
Telangana,Hyderabad,PvrIrrumManzilHyderabad,Telugu,16:30,Classic,150₹,264,25
Telangana,Hyderabad,PvrIrrumManzilHyderabad,Telugu,16:30,Recliner,250₹,18,16
Telangana,Hyderabad,CinepolisDslVirtueMallUppalHyderabad,Telugu,16:35,Normal,150₹,35,0
Telangana,Hyderabad,CinepolisDslVirtueMallUppalHyderabad,Telugu,16:35,Executive,150₹,196,77
Telangana,Hyderabad,CinepolisDslVirtueMallUppalHyderabad,Telugu,16:35,Vip,250₹,14,13
Telangana,Hyderabad,MirajCinemasCineTownMiyapur,Telugu,16:40,Executive,150₹,408,9
Telangana,Hyderabad,MirajCinemasCineTownMiyapur,Telugu,16:40,Gold,235₹,22,9
Telangana,Hyderabad,MirajCinemasCineTownMiyapur,Telugu,16:40,Executivep,150₹,272,0
Telangana,Hyderabad,PvrNexusMallKukatpallyHyderabad,Telugu,16:40,Classic,150₹,278,144
Telangana,Hyderabad,PvrNexusMallKukatpallyHyderabad,Telugu,16:40,Recliner,250₹,13,8
AndhraPradesh,Vijayawada,PvrRipplesVijaywada,Telugu,16:40,Classic,177₹,226,7
AndhraPradesh,Vijayawada,PvrRipplesVijaywada,Telugu,16:40,Recliner,295₹,14,3
Telangana,Hyderabad,AsianCineSquareMultiplexUppal,Telugu,16:40,Sofa,180₹,14,7
Telangana,Hyderabad,AsianCineSquareMultiplexUppal,Telugu,16:40,Gold,150₹,184,21
Telangana,Hyderabad,PvrPrestonPrimeGachibowliHyderabad,Telugu,16:40,Classic,150₹,256,39
Telangana,Hyderabad,CinepolisCcplMallMalkajgiriHyderabad,Telugu,16:40,Executive,150₹,156,17
Telangana,Hyderabad,PvrNextGalleriaMallPanjagutta,Telugu,16:40,Classic,150₹,209,85
Telangana,Hyderabad,PvrNextGalleriaMallPanjagutta,Telugu,16:40,Recliner,250₹,11,10
Telangana,Hyderabad,PvrMallapurHyderabad,Telugu,16:40,Classic,150₹,196,76
Telangana,Hyderabad,CinepolisMantraMallAttapur,Telugu,16:40,Normal,150₹,213,14
Telangana,Hyderabad,CinepolisMantraMallAttapur,Telugu,16:40,Vip,250₹,12,4
AndhraPradesh,Nizamabad,PvrVenuMallNizamabad,Telugu,16:40,Classic,150₹,362,30
AndhraPradesh,Nizamabad,PvrVenuMallNizamabad,Telugu,16:40,Recliner,250₹,13,10
Telangana,Hyderabad,MovietimeCinemasAmeerpetFormerlyCarnival,Telugu,16:40,SilverClass,150₹,372,41
AndhraPradesh,Warangal,PvrMaddoxWarangal,Telugu,16:40,Classic,150₹,347,41
Telangana,Hyderabad,AsianMCubeMallAttapur,Telugu,16:45,Gold,150₹,356,43
Telangana,Hyderabad,InoxSattvaNecklaceMallKavadiguda,Telugu,16:45,Royal,250₹,16,10
Telangana,Hyderabad,InoxSattvaNecklaceMallKavadiguda,Telugu,16:45,Executive,150₹,287,46
AndhraPradesh,Vijayawada,CinepolisPowerOneMallVijayawada,Telugu,16:50,Normal,147₹,36,2
AndhraPradesh,Vijayawada,CinepolisPowerOneMallVijayawada,Telugu,16:50,Executive,147₹,75,2
AndhraPradesh,Vijayawada,CinepolisPowerOneMallVijayawada,Telugu,16:50,Premium,147₹,182,37
Telangana,Hyderabad,TivoliCinemasSecunderabad,Telugu,16:50,GoldUpper,180₹,383,56
Telangana,Hyderabad,TivoliCinemasSecunderabad,Telugu,16:50,GoldLower,180₹,376,0
AndhraPradesh,VizagVisakhapatnam,CinepolisSreekanyaCineglitzMadhurawada,Telugu,16:50,Normal,177₹,38,3
AndhraPradesh,VizagVisakhapatnam,CinepolisSreekanyaCineglitzMadhurawada,Telugu,16:50,Executive,177₹,187,13
Telangana,Hyderabad,MirajCinemasGeetaChandanagar,Telugu,16:55,Gold,250₹,32,10
Telangana,Hyderabad,MirajCinemasGeetaChandanagar,Telugu,16:55,Executive,150₹,292,7
Telangana,Hyderabad,MirajCinemasShaliniShivaniHyderabad,Telugu,17:00,Executive,150₹,130,39
Karnataka,Bengaluru,PvrPhoenixMarketcityMallWhitefieldRoad,Telugu,17:05,Classic,236₹,176,60
Karnataka,Bengaluru,PvrPhoenixMarketcityMallWhitefieldRoad,Telugu,17:05,Prime,236₹,13,12
Karnataka,Bengaluru,PvrPhoenixMarketcityMallWhitefieldRoad,Telugu,17:05,Recliner,600₹,20,11
Telangana,Hyderabad,PrasadsHyderabad,Telugu,17:15,Executive,250₹,390,70
Telangana,Hyderabad,PlatinumMovietimeCinemaGachibowliSlnTerminus,Telugu,17:40,PlatinumPremiumRecliner,350₹,18,16
Telangana,Hyderabad,PlatinumMovietimeCinemaGachibowliSlnTerminus,Telugu,17:40,PlatinumRecliners,350₹,32,11
Orissa,BerhampurOdisha,SivamaxAc71DolbyDigitalBerhampur,Telugu,17:45,Balcony,100₹,124,0
Orissa,BerhampurOdisha,SivamaxAc71DolbyDigitalBerhampur,Telugu,17:45,RearStall,70₹,180,0
AndhraPradesh,Kalwakurthy,AshokaCinemaKalwakurthy,Telugu,17:45,Platinum,100₹,383,0
AndhraPradesh,VizagVisakhapatnam,NarasimhaAC2KDolbyGopalapatnam,Telugu,17:45,Premium,112₹,180,3
AndhraPradesh,VizagVisakhapatnam,SriLakshmiNarasimhaPicturePalace104Area,Telugu,17:50,FirstClass,145₹,54,0
AndhraPradesh,Narsampet,JayasriTalkiesNarsampet,Telugu,18:00,BoxA,100₹,16,0
Telangana,Hyderabad,SriKrishna70MmUppal,Telugu,18:00,LowerBalcony,110₹,256,0
Telangana,Hyderabad,SriKrishna70MmUppal,Telugu,18:00,DressCircle,80₹,260,0
AndhraPradesh,Vijayawada,SivakrishnaCinemasAC2KDtsKondapalli,Telugu,18:00,Prime,100₹,263,8
Telangana,Hyderabad,SvCinesquarePatancheru,Telugu,18:00,Balcony,150₹,518,4
AndhraPradesh,Madanapalle,RaviTheatreAC4KDolby71Madanapalle,Telugu,18:00,Balcony,112₹,132,101
AndhraPradesh,Madanapalle,RaviTheatreAC4KDolby71Madanapalle,Telugu,18:00,Reserved,112₹,213,47
AndhraPradesh,Madanapalle,RaviTheatreAC4KDolby71Madanapalle,Telugu,18:00,FirstClass,112₹,112,0
AndhraPradesh,Madanapalle,RaviTheatreAC4KDolby71Madanapalle,Telugu,18:00,SecondClass,89₹,180,1
Telangana,Hyderabad,Vijetha70Mm4KAtmosBorabanda,Telugu,18:00,Balcony,150₹,432,85
Telangana,Hyderabad,Vijetha70Mm4KAtmosBorabanda,Telugu,18:00,DressCircle,80₹,182,20
Telangana,Hyderabad,Sudarshan35Mm4KLaserDolbyAtmosRtcXRoads,Telugu,18:00,UpperBalcony,150₹,465,15
Telangana,Hyderabad,Sudarshan35Mm4KLaserDolbyAtmosRtcXRoads,Telugu,18:00,LowerBalcony,150₹,232,0
Telangana,Hyderabad,Sudarshan35Mm4KLaserDolbyAtmosRtcXRoads,Telugu,18:00,FirstClass,110₹,124,0
Telangana,Hyderabad,Sudarshan35Mm4KLaserDolbyAtmosRtcXRoads,Telugu,18:00,SecondClass,55₹,250,3
Telangana,Hyderabad,AsianSwapna70MmKatedan,Telugu,18:00,Platinum,110₹,323,4
Telangana,Hyderabad,AsianSwapna70MmKatedan,Telugu,18:00,Gold,80₹,189,7
AndhraPradesh,Warangal,BhavaniPicturePalaceKazipet,Telugu,18:00,Balcony,110₹,47,0
Telangana,Hyderabad,AlankarPratapTheatreLangerHouse,Telugu,18:00,Balcony,150₹,48,2
Telangana,Hyderabad,AlankarPratapTheatreLangerHouse,Telugu,18:00,Balcony,150₹,270,0
AndhraPradesh,Kamareddy,AsianDarshanKamareddy,Telugu,18:00,Gold,110₹,472,111
Telangana,Hyderabad,AsianMukundCinemaMedchal,Telugu,18:00,Gold,110₹,519,65
Telangana,Hyderabad,AsianMukundCinemaMedchal,Telugu,18:00,Lounger,150₹,20,10
AndhraPradesh,Huzurnagar,SrinivasaPicturePalaceHuzurnagar,Telugu,18:00,Balcony,110₹,491,0
AndhraPradesh,Huzurnagar,SrinivasaPicturePalaceHuzurnagar,Telugu,18:00,SecondClass,110₹,491,0
AndhraPradesh,Aswaraopeta,LakshmiSrinivasaTalkiesAswaraopeta,Telugu,18:00,Balcony,100₹,160,0
AndhraPradesh,Rampachodavaram,LalithaTalkies2KACDtsRampachodavaram,Telugu,18:00,FirstClass,100₹,393,39
AndhraPradesh,Rampachodavaram,LalithaTalkies2KACDtsRampachodavaram,Telugu,18:00,SecondClass,80₹,48,0
Telangana,Manuguru,SriSatyaBhaskaraPicturePalaceManuguru,Telugu,18:00,Balcony,100₹,268,28
Telangana,Hyderabad,Ganesh70MmShamshabad,Telugu,18:00,Gold,110₹,174,9
Telangana,Hyderabad,Ganesh70MmShamshabad,Telugu,18:00,Silver,90₹,492,17
Telangana,Hyderabad,VyjayanthiCinemaAC2KNacharam,Telugu,18:00,Balcony,150₹,283,0
Telangana,Hyderabad,VyjayanthiCinemaAC2KNacharam,Telugu,18:00,FirstClass,100₹,142,0
AndhraPradesh,Vikarabad,AsianSailajaVikarabad,Telugu,18:00,Gold,110₹,377,83
AndhraPradesh,Vikarabad,AsianSailajaVikarabad,Telugu,18:00,Silver,80₹,66,0
AndhraPradesh,Sircilla,AsianNatrajDeluxeTheatreACSircilla,Telugu,18:00,Balcony,110₹,491,99
AndhraPradesh,Sircilla,AsianNatrajDeluxeTheatreACSircilla,Telugu,18:00,LowerClass,50₹,109,17
AndhraPradesh,Vemulawada,ShivaRamaKrishnaTheatreVemulawada,Telugu,18:00,Balcony,100₹,104,0
AndhraPradesh,Metpally,AsianSaiKrishnaMetpally,Telugu,18:00,UpperBalcony,110₹,137,42
AndhraPradesh,Metpally,AsianSaiKrishnaMetpally,Telugu,18:00,Gold,110₹,295,11
AndhraPradesh,Metpally,AsianSaiKrishnaMetpally,Telugu,18:00,Silver,80₹,92,2
AndhraPradesh,Medak,AsianSaiDattaPicturePalaceMedak,Telugu,18:00,Gold,110₹,427,117
AndhraPradesh,Siddipet,AsianSrinivasaDeluxeSiddipet,Telugu,18:00,Balcony,110₹,307,0
AndhraPradesh,Siddipet,AsianSrinivasaDeluxeSiddipet,Telugu,18:00,FirstClass,90₹,182,0
AndhraPradesh,Bhadrachalam,AsianUdayBhaskarBhadrachalam,Telugu,18:00,Balcony,110₹,505,105
AndhraPradesh,Bhadrachalam,AsianUdayBhaskarBhadrachalam,Telugu,18:00,ReservedClass,80₹,54,0
AndhraPradesh,Sadasivpet,AsianMaheshwariSadasivpet,Telugu,18:00,Gold,110₹,501,107
AndhraPradesh,Sadasivpet,AsianMaheshwariSadasivpet,Telugu,18:00,Silver,80₹,59,0
Telangana,Hyderabad,SaiRangaMiyapur,Telugu,18:00,UpperBalcony,150₹,305,15
Telangana,Hyderabad,SaiRangaMiyapur,Telugu,18:00,LowerBalcony,150₹,374,2
Telangana,Hyderabad,SaiRangaMiyapur,Telugu,18:00,DressCircle,100₹,168,6
Telangana,Hyderabad,SaiRangaMiyapur,Telugu,18:00,LowerClass,50₹,208,13
Telangana,Hyderabad,BrHitech70MmMadhapur,Telugu,18:00,Box,110₹,60,60
Telangana,Hyderabad,BrHitech70MmMadhapur,Telugu,18:00,ReservedClass,110₹,321,96
Telangana,Hyderabad,BrHitech70MmMadhapur,Telugu,18:00,SecondClass,80₹,232,12
Telangana,Hyderabad,BrHitech70MmMadhapur,Telugu,18:00,ThirdClass,50₹,83,4
Telangana,Hyderabad,RangaTheatre70MmJeedimetla,Telugu,18:00,Balcony,110₹,553,250
Telangana,Hyderabad,RangaTheatre70MmJeedimetla,Telugu,18:00,1stClass,80₹,510,223
AndhraPradesh,Wanaparthy,SriRama70MmACDtsWanaparthy,Telugu,18:00,FirstClass,110₹,147,0
AndhraPradesh,Uppada,SrinivasaTheatreACDtsUppada,Telugu,18:00,FirstClass,100₹,36,0
Telangana,Hyderabad,Sharada70MmKapra,Telugu,18:00,Balcony,110₹,200,0
Telangana,Hyderabad,Sharada70MmKapra,Telugu,18:00,DressCircle,80₹,85,0
AndhraPradesh,Kalla,SriLakshmiCinemaxACDtsKalla,Telugu,18:00,FirstClass,100₹,40,0
Telangana,Hyderabad,SreeSaiPujaSuraram,Telugu,18:00,BalconyMaharaja,110₹,384,170
Telangana,Hyderabad,SreeSaiPujaSuraram,Telugu,18:00,LowerBalconyRaja,80₹,325,149
Telangana,Hyderabad,SushmaCinemaVanasthalipuram,Telugu,18:00,Balcony,150₹,204,0
Telangana,Hyderabad,SushmaCinemaVanasthalipuram,Telugu,18:00,DressCircle,110₹,32,0
AndhraPradesh,Vijayawada,BalajiIconiaAC2KDolbySurroundIbrahimpatnam,Telugu,18:00,Gold,295₹,18,5
AndhraPradesh,Vijayawada,BalajiIconiaAC2KDolbySurroundIbrahimpatnam,Telugu,18:00,Silver,120₹,315,31
AndhraPradesh,Vizianagaram,SriVenkateswaraACDolbyDtsSKota,Telugu,18:00,FirstClass,100₹,380,45
AndhraPradesh,Husnabad,VenkateshwaraKalaMandirHusnabad,Telugu,18:00,FirstClass,100₹,179,0
AndhraPradesh,Husnabad,VenkateshwaraKalaMandirHusnabad,Telugu,18:00,SecondClass,100₹,179,0
AndhraPradesh,Valluru,VijayaKrishnaTheaterValluru,Telugu,18:00,FirstClass,100₹,36,0
AndhraPradesh,Palakollu,AdabalaTheatreScreen1Palakollu,Telugu,18:00,FirstClass,150₹,154,73
AndhraPradesh,Bhimadole,SriSrinivasMahalBhimadole,Telugu,18:00,Balcony,100₹,100,0
AndhraPradesh,Koyyalagudem,MahaLakshmiTheatreKoyyalagudem,Telugu,18:00,Balcony,100₹,40,0
AndhraPradesh,Cherial,VbkMaxCherial,Telugu,18:00,Balcony,100₹,120,0
AndhraPradesh,Devarapalli,TrinadhTheatreACDevarapalli,Telugu,18:00,FirstClass,100₹,39,0
AndhraPradesh,Khammam,Vinoda2KDolbyAtmosKhammam,Telugu,18:00,GoldUpper,110₹,155,90
AndhraPradesh,Khammam,Vinoda2KDolbyAtmosKhammam,Telugu,18:00,GoldLower,110₹,368,7
AndhraPradesh,Khammam,Vinoda2KDolbyAtmosKhammam,Telugu,18:00,Silver,80₹,96,8
AndhraPradesh,Khammam,Vinoda2KDolbyAtmosKhammam,Telugu,18:00,FirstClass,50₹,155,22
AndhraPradesh,Dubbaka,SrinivasaTheatreDubbaka,Telugu,18:00,Balcony,100₹,100,0
AndhraPradesh,Dubbaka,SrinivasaTheatreDubbaka,Telugu,18:00,SecondClass,100₹,100,0
AndhraPradesh,Cherla,RaghuPicturePalaceCherla,Telugu,18:00,Balcony,100₹,30,0
AndhraPradesh,Chagallu,VenkataKrishnaTheatreVMaxChagallu,Telugu,18:00,FirstClass,100₹,156,0
AndhraPradesh,Bhupalpalle,UrvashiTheatreBhupalpalle,Telugu,18:00,Balcony,100₹,40,0
AndhraPradesh,Nalgonda,VenkateswaraTheatreNalgonda,Telugu,18:00,Balcony,110₹,531,0
AndhraPradesh,Nalgonda,VenkateswaraTheatreNalgonda,Telugu,18:00,SecondClass,50₹,531,0
Telangana,Hyderabad,JyothiCinemaIdaBolaram,Telugu,18:00,Balcony,100₹,53,0
AndhraPradesh,Kothapeta,RsMiniplexKothapeta,Telugu,18:00,FirstClass,100₹,166,51
AndhraPradesh,Penuganchiprolu,SriVenkateswaraACDolbySoundPenuganchiprolu,Telugu,18:00,Balcony,100₹,288,0
AndhraPradesh,Penuganchiprolu,SriVenkateswaraACDolbySoundPenuganchiprolu,Telugu,18:00,FirstClass,100₹,77,0
AndhraPradesh,Shadnagar,Parameswara70MmShadnagar,Telugu,18:00,Balcony,110₹,330,14
AndhraPradesh,Shadnagar,Parameswara70MmShadnagar,Telugu,18:00,DressCircle,80₹,224,0
AndhraPradesh,Shadnagar,Parameswara70MmShadnagar,Telugu,18:00,ThirdClass,50₹,100,0
AndhraPradesh,Nakrekal,SriVenkateswaraTheatre70MmAcNakrekal,Telugu,18:00,Balcony,100₹,179,0
AndhraPradesh,Nakrekal,SriVenkateswaraTheatre70MmAcNakrekal,Telugu,18:00,ReservedClass,80₹,179,0
AndhraPradesh,Nakrekal,SriVenkateswaraTheatre70MmAcNakrekal,Telugu,18:00,FirsClasss,50₹,179,0
AndhraPradesh,Kamareddy,SangamDeluxeDomakondaKamareddy,Telugu,18:00,Balcony,100₹,150,0
AndhraPradesh,Suryapet,NavyaTheatreSuryapet,Telugu,18:00,Balcony,110₹,44,0
AndhraPradesh,Suryapet,NavyaTheatreSuryapet,Telugu,18:00,LowerBalcony,110₹,65,0
AndhraPradesh,Suryapet,NavyaTheatreSuryapet,Telugu,18:00,SecondClass,80₹,52,0
Telangana,Hyderabad,SantoshTheatreIbrahimpatnam,Telugu,18:00,Box,100₹,94,0
Telangana,Hyderabad,SantoshTheatreIbrahimpatnam,Telugu,18:00,Balcony,100₹,300,0
Telangana,Jadcherla,Srinvasa70MmACJadcherla,Telugu,18:00,Balcony,110₹,235,0
AndhraPradesh,Bichkunda,ParameswariTheatreBichkunda,Telugu,18:00,Box,100₹,58,0
AndhraPradesh,Jagtial,DurgaRajaKalamandirJagtial,Telugu,18:00,Deluxe,110₹,405,0
AndhraPradesh,Anaparthi,SriSatyaGowriTheatreAnaparthi,Telugu,18:00,FirstClass,100₹,56,0
AndhraPradesh,Anaparthi,SriSatyaGowriTheatreAnaparthi,Telugu,18:00,SecondClass,70₹,56,0
Orissa,Jeypore,KorosudhaKalamandirTheatreJeypore,Telugu,18:00,Platinum,120₹,43,18
Orissa,Jeypore,KorosudhaKalamandirTheatreJeypore,Telugu,18:00,Gold,100₹,59,7
Orissa,Jeypore,KorosudhaKalamandirTheatreJeypore,Telugu,18:00,Silver,100₹,29,0
AndhraPradesh,Chennur,SrinivasaTheaterChennur,Telugu,18:00,UpperBalcony,100₹,84,0
AndhraPradesh,Chennur,SrinivasaTheaterChennur,Telugu,18:00,LowerBalcony,100₹,34,0
AndhraPradesh,StationGhanpur,MahalaxmiCinemasStationGhanpur,Telugu,18:00,Platinum,100₹,96,0
AndhraPradesh,Vinukonda,KeerthiCinemasDolbyAtmos4KACVinukonda,Telugu,18:00,FirstClass,100₹,108,16
AndhraPradesh,Vinukonda,KeerthiCinemasDolbyAtmos4KACVinukonda,Telugu,18:00,SecondClass,100₹,96,0
AndhraPradesh,Vinukonda,KeerthiCinemasDolbyAtmos4KACVinukonda,Telugu,18:00,ThirdClass,100₹,70,0
AndhraPradesh,Jammikunta,HariHaraTalkiesJammikunta,Telugu,18:00,Balcony,100₹,130,0
AndhraPradesh,Kodad,ConnplexSmartTheatreKodad,Telugu,18:00,Miller,150₹,50,2
AndhraPradesh,Kodad,ConnplexSmartTheatreKodad,Telugu,18:00,Lounger,150₹,12,1
AndhraPradesh,Karimnagar,SriThirumalaTheatreKarimnagar,Telugu,18:00,Balcony,110₹,464,0
AndhraPradesh,Karimnagar,SriThirumalaTheatreKarimnagar,Telugu,18:00,DressCircle,80₹,120,0
AndhraPradesh,Vijayawada,RamgopalTheaterVijayawada,Telugu,18:00,Balcony,65₹,63,0
AndhraPradesh,Vijayawada,RamgopalTheaterVijayawada,Telugu,18:00,FirstClass,65₹,67,0
AndhraPradesh,Dornakal,LaxmiTalkiesDornakal,Telugu,18:00,Balcony,70₹,160,0
AndhraPradesh,Zaheerabad,AsianMaheshwari70MmACDtsZaheerabad,Telugu,18:00,Gold,110₹,336,148
AndhraPradesh,Zaheerabad,AsianMaheshwari70MmACDtsZaheerabad,Telugu,18:00,Silver,80₹,262,0
AndhraPradesh,Peddapuram,LalithaSriLalithaTheatrePeddapuram,Telugu,18:00,FirstClass,100₹,120,0
AndhraPradesh,Peddapuram,LalithaSriLalithaTheatrePeddapuram,Telugu,18:00,SecondClass,70₹,120,0
AndhraPradesh,Mancherial,DeviTirumalaComplexMancherial,Telugu,18:00,Balcony,110₹,254,0
AndhraPradesh,Mancherial,DeviTirumalaComplexMancherial,Telugu,18:00,FirstClass,70₹,254,0
AndhraPradesh,Kaikaluru,SriVijayalakshmiTheatreKaikalur,Telugu,18:00,Box,100₹,81,0
AndhraPradesh,Kaikaluru,SriVijayalakshmiTheatreKaikalur,Telugu,18:00,Sofa,100₹,81,0
AndhraPradesh,Kaikaluru,SriVijayalakshmiTheatreKaikalur,Telugu,18:00,FirstClass,100₹,81,0
AndhraPradesh,Kaikaluru,SriVijayalakshmiTheatreKaikalur,Telugu,18:00,SecondClass,78₹,81,0
Telangana,Hyderabad,VlsSridevi2KACDtsChilakalguda,Telugu,18:00,UpperBalcony,110₹,158,77
Telangana,Hyderabad,VlsSridevi2KACDtsChilakalguda,Telugu,18:00,LowerBalcony,80₹,472,72
Telangana,Hyderabad,AsianGanga4KDilsukhnagar,Telugu,18:00,BoxA,150₹,27,27
Telangana,Hyderabad,AsianGanga4KDilsukhnagar,Telugu,18:00,BoxB,150₹,26,26
Telangana,Hyderabad,AsianGanga4KDilsukhnagar,Telugu,18:00,Balcony,150₹,537,56
Telangana,Hyderabad,AsianGanga4KDilsukhnagar,Telugu,18:00,FirstClass,110₹,170,23
AndhraPradesh,Gummadidala,SriVenkateshwaraTalkiesGummadidala,Telugu,18:00,Balcony,100₹,135,0
AndhraPradesh,Palwancha,SriVenkateshwaraPalvancha,Telugu,18:00,Balcony,110₹,46,0
AndhraPradesh,Jaggampeta,SriRajaveniTheatreJaggampeta,Telugu,18:00,FirstClass,100₹,200,0
AndhraPradesh,Warangal,AmruthaCinemaHanumakonda,Telugu,18:00,UpperBalcony,110₹,376,152
AndhraPradesh,Warangal,AmruthaCinemaHanumakonda,Telugu,18:00,LowerBalcony,100₹,192,34
AndhraPradesh,Warangal,AmruthaCinemaHanumakonda,Telugu,18:00,DressCircle,80₹,116,4
AndhraPradesh,Warangal,AmruthaCinemaHanumakonda,Telugu,18:00,FirstClass,50₹,170,6
AndhraPradesh,Anakapalle,StblCineWorldAtchutapuram,Telugu,18:00,SofaSeats,100₹,162,0
AndhraPradesh,Anakapalle,StblCineWorldAtchutapuram,Telugu,18:00,Premium,100₹,162,0
AndhraPradesh,Anakapalle,StblCineWorldAtchutapuram,Telugu,18:00,Executive,70₹,162,0
AndhraPradesh,Nuzvid,DwarakaCinemas4KDolbyAtmosNuzvid,Telugu,18:00,Platinum,148₹,217,19
AndhraPradesh,Nuzvid,DwarakaCinemas4KDolbyAtmosNuzvid,Telugu,18:00,Gold,148₹,52,0
AndhraPradesh,Nuzvid,DwarakaCinemas4KDolbyAtmosNuzvid,Telugu,18:00,Silver,100₹,46,3
AndhraPradesh,Narsipatnam,BangarajuPicturePalaceACDtsNarsipatnam,Telugu,18:00,FirstClass,112₹,357,0
AndhraPradesh,Narsipatnam,BangarajuPicturePalaceACDtsNarsipatnam,Telugu,18:00,ThirdClass,70₹,357,0
AndhraPradesh,VizagVisakhapatnam,StblCineWorldMadhurawadaVizag,Telugu,18:00,Recliners,250₹,364,0
AndhraPradesh,VizagVisakhapatnam,StblCineWorldMadhurawadaVizag,Telugu,18:00,Premium,145₹,364,0
AndhraPradesh,VizagVisakhapatnam,StblCineWorldMadhurawadaVizag,Telugu,18:00,Executive,100₹,364,0
Telangana,Hyderabad,MirajCinemasShaliniShivaniHyderabad,Telugu,18:00,Executive,150₹,579,55
Telangana,Hyderabad,MirajCinemasShaliniShivaniHyderabad,Telugu,18:00,Gold,250₹,29,24
AndhraPradesh,Nallajerla,SriLakshmiMultiplexNovaCinemazNallajerla,Telugu,18:00,Gold,295₹,19,3
AndhraPradesh,Nallajerla,SriLakshmiMultiplexNovaCinemazNallajerla,Telugu,18:00,Executives,120₹,162,26
AndhraPradesh,Nallajerla,SriLakshmiMultiplexNovaCinemazNallajerla,Telugu,18:00,Loungers,295₹,18,0
Telangana,Hyderabad,TalluriTheatresKushaiguda,Telugu,18:00,Gold,150₹,555,352
Telangana,Hyderabad,TalluriTheatresKushaiguda,Telugu,18:00,Silver,75₹,140,3
AndhraPradesh,Thullur,TulasiCinemasThullur,Telugu,18:00,FirstClass,100₹,223,70
AndhraPradesh,Thullur,TulasiCinemasThullur,Telugu,18:00,SecondClass,100₹,63,63
AndhraPradesh,Thullur,TulasiCinemasThullur,Telugu,18:00,ThirdClass,100₹,48,48
AndhraPradesh,Kovvur,AnanyaCinemasKovvur,Telugu,18:10,FirstClass,112₹,289,45
AndhraPradesh,Kovvur,AnanyaCinemasKovvur,Telugu,18:10,SecondClass,80₹,105,8
AndhraPradesh,Kovvur,AnanyaCinemasKovvur,Telugu,18:10,Recliner,250₹,10,2
AndhraPradesh,Vatsavai,SriVenkateswaraTalkiesACVatsavai,Telugu,18:10,Premium,100₹,196,0
AndhraPradesh,Vatsavai,SriVenkateswaraTalkiesACVatsavai,Telugu,18:10,NonPremium,60₹,71,0
AndhraPradesh,Ravulapalem,PadmasriPicturePalaceRavulapalem,Telugu,18:10,FirstClass,100₹,176,0
AndhraPradesh,Ravulapalem,PadmasriPicturePalaceRavulapalem,Telugu,18:10,1stClass,100₹,176,0
AndhraPradesh,Ravulapalem,PadmasriPicturePalaceRavulapalem,Telugu,18:10,ThirdClass,100₹,176,0
Telangana,Hyderabad,Vimal70MmBalanagar,Telugu,18:15,DiamondCircle,150₹,246,1
Telangana,Hyderabad,Vimal70MmBalanagar,Telugu,18:15,FirstClass,100₹,78,0
AndhraPradesh,RajamahendravaramRajahmundry,SriVenkataSuryaPicturePalace2KKadiam,Telugu,18:15,FirstClass,100₹,291,37
AndhraPradesh,RajamahendravaramRajahmundry,SriVenkataSuryaPicturePalace2KKadiam,Telugu,18:15,SecondClass,70₹,96,11
AndhraPradesh,Tallapudi,SriSaiTejaTheatreTallapudi,Telugu,18:15,FirstClass,100₹,162,5
AndhraPradesh,Tallapudi,SriSaiTejaTheatreTallapudi,Telugu,18:15,SecondClass,70₹,21,0
AndhraPradesh,Tallapudi,SriSaiTejaTheatreTallapudi,Telugu,18:15,ThirdClass,70₹,54,0
Telangana,Hyderabad,Gokul70MmErragadda,Telugu,18:15,UpperBalcony,150₹,340,32
Telangana,Hyderabad,Gokul70MmErragadda,Telugu,18:15,LowerBalcony,150₹,262,0
Telangana,Hyderabad,Gokul70MmErragadda,Telugu,18:15,FirstClass,100₹,174,40
Telangana,Hyderabad,Gokul70MmErragadda,Telugu,18:15,SecondClass,50₹,205,48
AndhraPradesh,RajamahendravaramRajahmundry,MuralikrishnaCinemaAC4K3DDowlaiswaram,Telugu,18:15,Balcony,110₹,321,58
AndhraPradesh,RajamahendravaramRajahmundry,MuralikrishnaCinemaAC4K3DDowlaiswaram,Telugu,18:15,SecondClass,70₹,113,23
AndhraPradesh,Vijayawada,ApsaraCinemaHouseVijayawada,Telugu,18:15,Balcony,110₹,250,72
AndhraPradesh,Vijayawada,ApsaraCinemaHouseVijayawada,Telugu,18:15,DressCircle,110₹,62,22
AndhraPradesh,Vijayawada,ApsaraCinemaHouseVijayawada,Telugu,18:15,FirstClass,90₹,369,65
AndhraPradesh,Vijayawada,ApsaraCinemaHouseVijayawada,Telugu,18:15,SecondClass,70₹,227,78
AndhraPradesh,Haliya,AcchiReddyTheaterACDolbyDtsHaliya,Telugu,18:15,Balcony,100₹,84,22
AndhraPradesh,Haliya,AcchiReddyTheaterACDolbyDtsHaliya,Telugu,18:15,LowerBalcony,100₹,120,54
AndhraPradesh,Haliya,AcchiReddyTheaterACDolbyDtsHaliya,Telugu,18:15,FirstClass,70₹,152,0
AndhraPradesh,Kallur,MnrCinemaxPrabhakarPicturePalaceKallurAp,Telugu,18:15,FirstClass,100₹,138,0
AndhraPradesh,RajamahendravaramRajahmundry,VsMahal4KDolbyAtmos3DNamavaram,Telugu,18:15,FirstClass,110₹,321,73
AndhraPradesh,Vuyyuru,G3TheatresSrinivasaTheatreVuyyuru,Telugu,18:15,1Premium,100₹,218,0
AndhraPradesh,Vuyyuru,G3TheatresSrinivasaTheatreVuyyuru,Telugu,18:15,2NonPremium,78₹,218,0
AndhraPradesh,Thorrur,AsianRamakrishnaThorrur,Telugu,18:15,BoxA,110₹,9,9
AndhraPradesh,Thorrur,AsianRamakrishnaThorrur,Telugu,18:15,BoxB,110₹,14,14
AndhraPradesh,Thorrur,AsianRamakrishnaThorrur,Telugu,18:15,Balcony,110₹,288,81
AndhraPradesh,Thorrur,AsianRamakrishnaThorrur,Telugu,18:15,FirstClass,80₹,44,2
AndhraPradesh,Kodad,AsianSrinivasaKodad,Telugu,18:15,Silver,80₹,121,17
AndhraPradesh,Kodad,AsianSrinivasaKodad,Telugu,18:15,Balcony,110₹,540,19
AndhraPradesh,Devarakonda,AsianManojDevarakonda,Telugu,18:15,Balcony,110₹,388,130
AndhraPradesh,Gollaprolu,SriGovindaMahalGollaprolu,Telugu,18:15,Gold,100₹,327,58
Telangana,Hyderabad,SuperCinemaBalapur,Telugu,18:15,Balcony,150₹,198,2
Telangana,Hyderabad,SuperCinemaBalapur,Telugu,18:15,RajaCircle,100₹,58,0
AndhraPradesh,RajamahendravaramRajahmundry,GeethaApsaraTheatreRajahmundry,Telugu,18:15,Premium,112₹,343,0
AndhraPradesh,RajamahendravaramRajahmundry,GeethaApsaraTheatreRajahmundry,Telugu,18:15,NonPremium,75₹,343,0
AndhraPradesh,Chintalapudi,SriRatnaPicturePalaceChintalapudi,Telugu,18:15,DressCircle,120₹,110,0
AndhraPradesh,Chintalapudi,SriRatnaPicturePalaceChintalapudi,Telugu,18:15,SecondClass,100₹,98,0
AndhraPradesh,Samalkota,VigneswaraTheatreSamalkota,Telugu,18:15,Premium,110₹,269,97
AndhraPradesh,Samalkota,VigneswaraTheatreSamalkota,Telugu,18:15,NonPremium,90₹,76,76
AndhraPradesh,Gudivada,G3BhaskarTalkiesGudivada,Telugu,18:15,Recliners,295₹,313,0
AndhraPradesh,Gudivada,G3BhaskarTalkiesGudivada,Telugu,18:15,FirstClass,112₹,313,0
AndhraPradesh,Gudivada,G3BhaskarTalkiesGudivada,Telugu,18:15,SecondClass,90₹,313,0
AndhraPradesh,RajamahendravaramRajahmundry,FortuneFourCinemasAC2K71Rajanagaram,Telugu,18:15,FirstClass,110₹,302,6
AndhraPradesh,Yellareddy,LaxmiTalkiesACYellareddy,Telugu,18:15,BoxA,100₹,20,0
AndhraPradesh,Yellareddy,LaxmiTalkiesACYellareddy,Telugu,18:15,BoxB,100₹,20,0
AndhraPradesh,Yellareddy,LaxmiTalkiesACYellareddy,Telugu,18:15,FirstClass,100₹,200,0
AndhraPradesh,Chittoor,MsrMovieLandAC2KDolby74SurroundChittoor,Telugu,18:15,Balcony,145₹,190,3
AndhraPradesh,Chittoor,MsrMovieLandAC2KDolby74SurroundChittoor,Telugu,18:15,FirstClass,110₹,274,1
AndhraPradesh,Chittoor,MsrMovieLandAC2KDolby74SurroundChittoor,Telugu,18:15,SecondClass,110₹,180,0
AndhraPradesh,Narayankhed,VenkateshwaraTalkiesNarayankhed,Telugu,18:15,Balcony,100₹,150,0
AndhraPradesh,Yellandu,LalithaKalaMandirYellandu,Telugu,18:15,BoxA,110₹,10,0
AndhraPradesh,Yellandu,LalithaKalaMandirYellandu,Telugu,18:15,ReservedClass,110₹,56,0
AndhraPradesh,Mulugu,BalajiKalamandirMulugu,Telugu,18:15,Gold,100₹,54,0
AndhraPradesh,Sangareddy,NatrajTheatreSangareddy,Telugu,18:15,Sofa,110₹,321,0
AndhraPradesh,Sangareddy,NatrajTheatreSangareddy,Telugu,18:15,Balcony,110₹,321,0
AndhraPradesh,Sangareddy,NatrajTheatreSangareddy,Telugu,18:15,SecondClass,80₹,321,0
AndhraPradesh,Tekkali,SudarshanTheatreTekkali,Telugu,18:15,FirstClass,100₹,44,0
AndhraPradesh,Angara,SriVenkataManikyambaTheatreAngara,Telugu,18:15,FirstClass,100₹,66,0
AndhraPradesh,Proddatur,SudhaTheaterACUfo2KDolbyProddatur,Telugu,18:15,Balcony,100₹,190,133
AndhraPradesh,Proddatur,SudhaTheaterACUfo2KDolbyProddatur,Telugu,18:15,Deluxe,100₹,304,88
AndhraPradesh,Guntakal,KpsMoviesGuntakal,Telugu,18:15,FirstClass,110₹,284,110
AndhraPradesh,Guntakal,KpsMoviesGuntakal,Telugu,18:15,SecondClass,80₹,178,9
AndhraPradesh,Guntakal,KpsMoviesGuntakal,Telugu,18:15,ThirdClass,80₹,58,0
AndhraPradesh,Miryalaguda,VenkateshwaraTheaterMiryalaguda,Telugu,18:15,Balcony,110₹,257,51
AndhraPradesh,Miryalaguda,VenkateshwaraTheaterMiryalaguda,Telugu,18:15,DownBalcony,110₹,154,0
AndhraPradesh,Miryalaguda,VenkateshwaraTheaterMiryalaguda,Telugu,18:15,SecondClass,80₹,146,8
AndhraPradesh,Miryalaguda,VenkateshwaraTheaterMiryalaguda,Telugu,18:15,LowerClass,50₹,161,34
AndhraPradesh,Miryalaguda,VenkateshwaraTheaterMiryalaguda,Telugu,18:15,ABox,110₹,35,0
AndhraPradesh,Miryalaguda,VenkateshwaraTheaterMiryalaguda,Telugu,18:15,BBox,110₹,50,0
Telangana,Mahbubnagar,AvdCinemasMahbubnagar,Telugu,18:15,UpperClass,150₹,500,140
Telangana,Mahbubnagar,AvdCinemasMahbubnagar,Telugu,18:15,LowerClass,110₹,126,27
Telangana,Hyderabad,AsianShaShahenshaChintal,Telugu,18:15,Gold,175₹,560,260
Telangana,Hyderabad,AsianShaShahenshaChintal,Telugu,18:15,Silver,110₹,156,121
AndhraPradesh,Agiripalli,SriAnuDeluxeAgiripalli,Telugu,18:15,Balcony,100₹,218,56
AndhraPradesh,Konithiwada,RamakrishnaTheatreACKonithiwada,Telugu,18:15,1Premium,100₹,224,0
AndhraPradesh,Konithiwada,RamakrishnaTheatreACKonithiwada,Telugu,18:15,2SecondClass,100₹,224,0
AndhraPradesh,Konithiwada,RamakrishnaTheatreACKonithiwada,Telugu,18:15,1ThirdClass,100₹,224,0
AndhraPradesh,Jaggayyapeta,G3TheatresKamala,Telugu,18:15,Recliners,295₹,262,0
AndhraPradesh,Jaggayyapeta,G3TheatresKamala,Telugu,18:15,Sofa,112₹,262,0
AndhraPradesh,Jaggayyapeta,G3TheatresKamala,Telugu,18:15,Balcony,112₹,262,0
AndhraPradesh,Jaggayyapeta,G3TheatresKamala,Telugu,18:15,SecondClass,90₹,262,0
AndhraPradesh,VizagVisakhapatnam,KinneraCinemaMaddilapalem,Telugu,18:15,Premium,145₹,60,0
Karnataka,Bengaluru,SriRenukaPrasannaTheatreJPNagar,Telugu,18:15,Gold,150₹,261,17
Karnataka,Bengaluru,SriRenukaPrasannaTheatreJPNagar,Telugu,18:15,Silver,120₹,481,19
AndhraPradesh,VizagVisakhapatnam,StblCineWorldSheelanagarVizag,Telugu,18:15,Sofa,145₹,292,0
AndhraPradesh,VizagVisakhapatnam,StblCineWorldSheelanagarVizag,Telugu,18:15,PremiumClass,145₹,292,0
AndhraPradesh,VizagVisakhapatnam,StblCineWorldSheelanagarVizag,Telugu,18:15,ExecutiveClass,100₹,292,0
Telangana,Hyderabad,IndraVenkataramanaPadmavatiCinemaKachiguda,Telugu,18:15,EliteRecliners,235₹,42,4
Telangana,Hyderabad,IndraVenkataramanaPadmavatiCinemaKachiguda,Telugu,18:15,EliteSofa,175₹,176,1
Telangana,Hyderabad,IndraVenkataramanaPadmavatiCinemaKachiguda,Telugu,18:15,Premium,150₹,286,28
Telangana,Hyderabad,IndraVenkataramanaPadmavatiCinemaKachiguda,Telugu,18:15,Economy,80₹,126,28
AndhraPradesh,VizagVisakhapatnam,StblBalajiVillageCinemaSabbavaramVizag,Telugu,18:15,FirstClass,100₹,208,0
AndhraPradesh,VizagVisakhapatnam,StblBalajiVillageCinemaSabbavaramVizag,Telugu,18:15,SecondClass,70₹,208,0
Telangana,Hyderabad,SriSaiRam70MmAC4KDolbyAtmosMalkajgiri,Telugu,18:15,Paltinum,110₹,265,151
Telangana,Hyderabad,SriSaiRam70MmAC4KDolbyAtmosMalkajgiri,Telugu,18:15,Gold,80₹,316,116
Telangana,Hyderabad,SriSaiRam70MmAC4KDolbyAtmosMalkajgiri,Telugu,18:15,Silver,50₹,118,15
AndhraPradesh,Amalapuram,VenkataramaACDts2KAmalapuram,Telugu,18:15,Platinum,110₹,366,94
AndhraPradesh,VizagVisakhapatnam,SreeKanyaCinemasGajuwaka,Telugu,18:20,Premium2,145₹,242,104
AndhraPradesh,VizagVisakhapatnam,SreeKanyaCinemasGajuwaka,Telugu,18:20,Premium3,145₹,122,0
AndhraPradesh,VizagVisakhapatnam,SreeKanyaCinemasGajuwaka,Telugu,18:20,NonPremium,100₹,137,105
AndhraPradesh,Eluru,AmbicaDeluxEluru,Telugu,18:20,FirstClass,150₹,57,4
Telangana,Hyderabad,AsianLakshmikalaCineprideMoosapet,Telugu,18:25,Platinum,150₹,718,122
Telangana,Hyderabad,AsianLakshmikalaCineprideMoosapet,Telugu,18:25,Gold,100₹,70,17
Telangana,Hyderabad,AsianLakshmikalaCineprideMoosapet,Telugu,18:25,Silver,50₹,157,39
Telangana,Hyderabad,LakshmiKalaMandirAlwal,Telugu,18:30,Balcony,100₹,196,0
Telangana,Hyderabad,LakshmiKalaMandirAlwal,Telugu,18:30,ReservedClass,70₹,96,0
Telangana,Hyderabad,LakshmiKalaMandirAlwal,Telugu,18:30,SecondClass,50₹,32,0
AndhraPradesh,Nandyal,PrathapACDtsNandyal,Telugu,18:30,Premium,110₹,294,140
AndhraPradesh,Nandyal,PrathapACDtsNandyal,Telugu,18:30,NonPremium,80₹,429,84
AndhraPradesh,Kakinada,Padmapriya2KDolbyAtmosKakinada,Telugu,18:30,Diplomat,112₹,54,16
AndhraPradesh,Markapur,JagadeeswariTheatreAC4KDolbyAtmosMarkapur,Telugu,18:30,FirstClass,100₹,483,95
Telangana,Hyderabad,Bhramaramba70MmACDtsKukatpally,Telugu,18:30,MaharajaCircle,150₹,488,153
Telangana,Hyderabad,Bhramaramba70MmACDtsKukatpally,Telugu,18:30,DressCircle,100₹,190,48
AndhraPradesh,Pileru,CsnCinemaShukurPicturePalacePileru,Telugu,18:30,Diamond,100₹,318,0
AndhraPradesh,Pileru,CsnCinemaShukurPicturePalacePileru,Telugu,18:30,Gold,100₹,46,0
AndhraPradesh,Vijayawada,TaraScreens2KACPayakapuramVijayawada,Telugu,18:30,Recliner,295₹,10,0
AndhraPradesh,Vijayawada,TaraScreens2KACPayakapuramVijayawada,Telugu,18:30,GoldClass,112₹,214,65
AndhraPradesh,Vijayawada,TaraScreens2KACPayakapuramVijayawada,Telugu,18:30,SilverClass,78₹,40,7
AndhraPradesh,KovurNellore,SrinivasTheatreKovur,Telugu,18:30,Premium,100₹,318,0
AndhraPradesh,KovurNellore,SrinivasTheatreKovur,Telugu,18:30,Premium,100₹,318,0
AndhraPradesh,KovurNellore,SrinivasTheatreKovur,Telugu,18:30,NonPremium,100₹,318,0
AndhraPradesh,Adilabad,AsianNatarajDeluxeAdilabad,Telugu,18:30,Balcony,110₹,334,105
AndhraPradesh,Guntur,HariharCinemasGuntur,Telugu,18:30,Balcony,147₹,133,64
AndhraPradesh,Guntur,HariharCinemasGuntur,Telugu,18:30,PseudoBalcony,147₹,158,0
AndhraPradesh,Guntur,HariharCinemasGuntur,Telugu,18:30,LowerClass,84₹,103,14
AndhraPradesh,Vijayawada,SwathiTheaterBhavanipuramNewlyRenovated,Telugu,18:30,PremiumClass,110₹,320,62
AndhraPradesh,Vijayawada,SwathiTheaterBhavanipuramNewlyRenovated,Telugu,18:30,EconomyClass,60₹,107,27
AndhraPradesh,Tirupati,SrinivasTejaACDtsTirupati,Telugu,18:30,Platinum,125₹,207,39
AndhraPradesh,Tirupati,SrinivasTejaACDtsTirupati,Telugu,18:30,Gold,80₹,78,24
AndhraPradesh,Tirupati,PadmaPicturePalaceAC4KDolbyAtmosRenigunta,Telugu,18:30,Platinum,100₹,280,54
AndhraPradesh,Tirupati,PadmaPicturePalaceAC4KDolbyAtmosRenigunta,Telugu,18:30,Gold,80₹,110,14
AndhraPradesh,Ongole,SatyamAC4KDolbyAtmosOngole,Telugu,18:30,Platinum,250₹,19,4
AndhraPradesh,Ongole,SatyamAC4KDolbyAtmosOngole,Telugu,18:30,Gold,150₹,362,73
AndhraPradesh,Ongole,SatyamAC4KDolbyAtmosOngole,Telugu,18:30,Executive,70₹,38,38
AndhraPradesh,Ongole,RatnaMahalAC4KDolbyAtmosOngole,Telugu,18:30,Gold,150₹,322,79
AndhraPradesh,Ongole,RatnaMahalAC4KDolbyAtmosOngole,Telugu,18:30,Executive,70₹,51,23
AndhraPradesh,Gudlavalleru,RamaKrishnaTheaterGudlavalleru,Telugu,18:30,Box,100₹,79,0
AndhraPradesh,Vijayawada,VenkataKrishnaTheatreACDtsPoranki,Telugu,18:30,Balcony,110₹,139,0
AndhraPradesh,Mahabubabad,LaxmiKalamandir2KDolby71ACMahabubabad,Telugu,18:30,Bolcony,110₹,351,38
AndhraPradesh,Mahabubabad,LaxmiKalamandir2KDolby71ACMahabubabad,Telugu,18:30,FirstClass,80₹,87,5
AndhraPradesh,Godavarikhani,RajeshTheatreGodavarikhani,Telugu,18:30,Balcony,110₹,419,0
AndhraPradesh,Godavarikhani,RajeshTheatreGodavarikhani,Telugu,18:30,DressCircle,80₹,118,0
AndhraPradesh,Anantapur,ChhotuMaharajCineCafeAnantapur,Telugu,18:30,Classique,112₹,88,26
AndhraPradesh,Giddalur,SrinivasaTheaterGiddalur,Telugu,18:30,Platinum,100₹,374,58
AndhraPradesh,Mangalagiri,UrvasiTheaterACDtsMangalagiri,Telugu,18:30,PreBal,112₹,92,13
AndhraPradesh,Mangalagiri,UrvasiTheaterACDtsMangalagiri,Telugu,18:30,PreSofa,112₹,68,9
AndhraPradesh,Mangalagiri,UrvasiTheaterACDtsMangalagiri,Telugu,18:30,Pre1st,112₹,198,5
AndhraPradesh,Mangalagiri,UrvasiTheaterACDtsMangalagiri,Telugu,18:30,NonPre2nd,78₹,119,40
AndhraPradesh,VizagVisakhapatnam,MSTataPicturePalaceACDtsThagarapuvalasa,Telugu,18:30,PremiumClass,145₹,382,98
AndhraPradesh,VizagVisakhapatnam,MSTataPicturePalaceACDtsThagarapuvalasa,Telugu,18:30,SecondClass,100₹,146,54
AndhraPradesh,Anantapur,SvCinemax4KDolbyAtmosAnantapur,Telugu,18:30,Gold,148₹,168,9
AndhraPradesh,Anantapur,SvCinemax4KDolbyAtmosAnantapur,Telugu,18:30,Diamond,148₹,316,278
AndhraPradesh,Amaravathi,SriSrinivasaTheaterAmaravathi,Telugu,18:30,FirstClass,100₹,288,122
AndhraPradesh,Amaravathi,SriSrinivasaTheaterAmaravathi,Telugu,18:30,SecondClass,100₹,66,0
Telangana,Hyderabad,InoxGsmMallHyderabad,Telugu,18:30,Royal,250₹,17,15
Telangana,Hyderabad,InoxGsmMallHyderabad,Telugu,18:30,Executive,150₹,287,99
AndhraPradesh,Puttur,VishnuMahalTheaterPuttur,Telugu,18:30,PremiumClass,120₹,446,4
,Shankarampet,LaxmiTalkiesShankarampeta,Telugu,18:30,Balcony,70₹,200,0
AndhraPradesh,Vizianagaram,SriLeelaMahalACDtsVizianagaram,Telugu,18:30,Balcony,112₹,499,223
AndhraPradesh,Vizianagaram,SriLeelaMahalACDtsVizianagaram,Telugu,18:30,ThirdClass,78₹,167,102
AndhraPradesh,Kadapa,RameshTheatreAC4KDolbyAtmosKadapa,Telugu,18:30,Gold,150₹,275,133
AndhraPradesh,Pedana,SriKrishnaTulasiTheaterPedana,Telugu,18:30,Box,100₹,33,0
AndhraPradesh,Kakinada,SuryaCinemaxKakinada,Telugu,18:30,FirstClass,100₹,168,97
AndhraPradesh,Kakinada,SuryaCinemaxKakinada,Telugu,18:30,SecondClass,60₹,42,12
AndhraPradesh,Tirupati,SvCinemasAC4KDolbyAtmosChandragiri,Telugu,18:30,DiamondClass,100₹,255,0
AndhraPradesh,Tirupati,SvCinemasAC4KDolbyAtmosChandragiri,Telugu,18:30,GoldClass,80₹,70,0
AndhraPradesh,VizagVisakhapatnam,Jagadamba4KVizag,Telugu,18:30,1Premium,145₹,276,63
AndhraPradesh,VizagVisakhapatnam,Jagadamba4KVizag,Telugu,18:30,2Premium,145₹,310,10
AndhraPradesh,VizagVisakhapatnam,Jagadamba4KVizag,Telugu,18:30,1NonPremium,100₹,217,35
AndhraPradesh,VizagVisakhapatnam,Jagadamba4KVizag,Telugu,18:30,2NonPremium,100₹,213,1
AndhraPradesh,Warangal,AsianGeminiTheatreWarangal,Telugu,18:30,Platinum,150₹,285,7
AndhraPradesh,Warangal,AsianGeminiTheatreWarangal,Telugu,18:30,UpperClass,100₹,195,106
AndhraPradesh,Warangal,AsianGeminiTheatreWarangal,Telugu,18:30,Silver,80₹,56,0
AndhraPradesh,Peddapalli,Srinivasa70MmAcDeluxPeddapalli,Telugu,18:30,Balcony,110₹,199,0
AndhraPradesh,Peddapalli,Srinivasa70MmAcDeluxPeddapalli,Telugu,18:30,DressCircle,80₹,199,0
AndhraPradesh,Peddapalli,Srinivasa70MmAcDeluxPeddapalli,Telugu,18:30,SecondClass,50₹,199,0
AndhraPradesh,Repalle,SriKrishnaAC4KDolbyAtmosRepalle,Telugu,18:30,Gold,110₹,294,0
AndhraPradesh,Repalle,SriKrishnaAC4KDolbyAtmosRepalle,Telugu,18:30,Chair,80₹,294,0
AndhraPradesh,Macherla,NagarjunaKalamandirMacherla,Telugu,18:30,AClass,100₹,417,0
AndhraPradesh,Macherla,NagarjunaKalamandirMacherla,Telugu,18:30,BClass,100₹,417,0
AndhraPradesh,Macherla,NagarjunaKalamandirMacherla,Telugu,18:30,CClass,100₹,417,0
AndhraPradesh,Macherla,NagarjunaKalamandirMacherla,Telugu,18:30,DClass,100₹,417,0
AndhraPradesh,Tatipaka,AnnapurnaTheatreAcDts2KTatipaka,Telugu,18:30,XExecutive,100₹,202,0
AndhraPradesh,Tatipaka,AnnapurnaTheatreAcDts2KTatipaka,Telugu,18:30,YFirstClass,100₹,202,0
AndhraPradesh,Machilipatnam,G3TheatresMachilipatnam,Telugu,18:30,PremiumClass,148₹,316,0
AndhraPradesh,Machilipatnam,G3TheatresMachilipatnam,Telugu,18:30,NonPremium,112₹,316,0
AndhraPradesh,Tadikalapudi,RevathiTheatreTadikalapudi,Telugu,18:30,FirstClass,150₹,78,0
AndhraPradesh,Tadikalapudi,RevathiTheatreTadikalapudi,Telugu,18:30,SecondClass,100₹,78,0
AndhraPradesh,Tadikalapudi,RevathiTheatreTadikalapudi,Telugu,18:30,Sofa,150₹,78,0
AndhraPradesh,Vijayawada,G3RajYuvraj4KDolbyAtmosVijayawada,Telugu,18:30,GoldClass,177₹,84,0
AndhraPradesh,Chodavaram,LakshmiTheatreChodavaram,Telugu,18:30,GoldClass,100₹,95,0
AndhraPradesh,Chodavaram,LakshmiTheatreChodavaram,Telugu,18:30,SilverClass,60₹,95,0
AndhraPradesh,Narasannapeta,SreeDeviPicturePalaceNarasannapeta,Telugu,18:30,Premium,100₹,115,0
AndhraPradesh,Narasannapeta,SreeDeviPicturePalaceNarasannapeta,Telugu,18:30,NonPremium2Cl,80₹,115,0
AndhraPradesh,Nandikotkur,SanthiTheaterACDtsNandikotkur,Telugu,18:30,Platinum,100₹,334,83
AndhraPradesh,Sompeta,SksSivaMaxACSompeta,Telugu,18:30,FirstClass,100₹,372,133
AndhraPradesh,Sompeta,SksSivaMaxACSompeta,Telugu,18:30,SecondClass,100₹,24,0
AndhraPradesh,Sompeta,SksSivaMaxACSompeta,Telugu,18:30,ThirdClass,100₹,108,0
AndhraPradesh,Sattenapalle,SaiKrishna4KDolbyAtmosUltraHd3D,Telugu,18:30,Recliner,150₹,10,2
AndhraPradesh,Sattenapalle,SaiKrishna4KDolbyAtmosUltraHd3D,Telugu,18:30,Sofa,120₹,64,0
AndhraPradesh,Sattenapalle,SaiKrishna4KDolbyAtmosUltraHd3D,Telugu,18:30,LowerBalcony,100₹,131,0
AndhraPradesh,Sattenapalle,SaiKrishna4KDolbyAtmosUltraHd3D,Telugu,18:30,FirstClass,70₹,72,2
AndhraPradesh,Sattenapalle,SaiKrishna4KDolbyAtmosUltraHd3D,Telugu,18:30,SecondClass,50₹,72,7
Karnataka,Bengaluru,KinoCinemasSeegehalliKadugodiBengaluru,Telugu,18:30,Gold,200₹,97,18
Karnataka,Bengaluru,KinoCinemasSeegehalliKadugodiBengaluru,Telugu,18:30,Silver,200₹,28,0
AndhraPradesh,Malikipuram,PadmajaPicturePalace2KACDtsMalikipuram,Telugu,18:30,1stClass,100₹,220,36
AndhraPradesh,Lakkavaram,VenuGopalaPicturePalaceLakkavaram,Telugu,18:30,1stClass,100₹,199,0
Karnataka,Bengaluru,PvrOrionUptownOldMadrasRoadBengaluru,Telugu,18:35,Classic,220₹,165,63
Karnataka,Bengaluru,PvrOrionUptownOldMadrasRoadBengaluru,Telugu,18:35,Recliner,440₹,12,2
AndhraPradesh,Dhone,SriSrinivasaTheaterDhone,Telugu,18:35,Platinum,100₹,362,30
Telangana,Hyderabad,InoxMaheshwari,Telugu,18:40,Executive,150₹,236,38
Telangana,Hyderabad,Viswanath70MmTheatreKukatpally,Telugu,18:45,ABox,150₹,31,0
Telangana,Hyderabad,Viswanath70MmTheatreKukatpally,Telugu,18:45,BBox,150₹,30,2
Telangana,Hyderabad,Viswanath70MmTheatreKukatpally,Telugu,18:45,Balcony,150₹,517,217
Telangana,Hyderabad,Viswanath70MmTheatreKukatpally,Telugu,18:45,FirstClass,100₹,385,229
Telangana,Hyderabad,Viswanath70MmTheatreKukatpally,Telugu,18:45,SecondClass,50₹,124,1
AndhraPradesh,Tirupati,NvrJaysyamAC4KDolbyAtmosTirupati,Telugu,18:45,Diamond,125₹,430,64
AndhraPradesh,Tirupati,NvrJaysyamAC4KDolbyAtmosTirupati,Telugu,18:45,Gold,80₹,152,1
AndhraPradesh,Buchireddypalem,RajKishoreTheatreBuchireddypalem,Telugu,18:45,FirstClass,100₹,198,0
AndhraPradesh,Buchireddypalem,RajKishoreTheatreBuchireddypalem,Telugu,18:45,SecondClass,100₹,198,0
AndhraPradesh,Vijayawada,MirajCinemasShantiPrashantiVijayawada,Telugu,18:45,Balcony,177₹,64,3
AndhraPradesh,Vijayawada,MirajCinemasShantiPrashantiVijayawada,Telugu,18:45,FirstClass,177₹,419,11
AndhraPradesh,VizagVisakhapatnam,MuktaA2CinemasVizagCentralVizag,Telugu,18:45,Gold,150₹,24,0
AndhraPradesh,VizagVisakhapatnam,MuktaA2CinemasVizagCentralVizag,Telugu,18:45,Premium,150₹,118,11
Telangana,Hyderabad,MirajCinemasRaghavendraHyderabad,Telugu,18:45,Executive,150₹,292,28
Telangana,Hyderabad,MirajCinemasRaghavendraHyderabad,Telugu,18:45,Gold,235₹,20,1
Telangana,Hyderabad,MirajCinemasRaghavendraHyderabad,Telugu,18:45,Executivep,150₹,348,2
Karnataka,Bengaluru,PvrVrBengaluruWhitefieldRoad,Telugu,18:50,Classic,236₹,210,53
Karnataka,Bengaluru,PvrVrBengaluruWhitefieldRoad,Telugu,18:50,Prime,236₹,25,23
Karnataka,Bengaluru,PvrVrBengaluruWhitefieldRoad,Telugu,18:50,Recliner,700₹,20,2
AndhraPradesh,Ongole,G2VTheatersRaviPriyaMallOngole,Telugu,19:00,PlatinumRecliner,295₹,10,9
AndhraPradesh,Ongole,G2VTheatersRaviPriyaMallOngole,Telugu,19:00,Gold,177₹,234,54
AndhraPradesh,Nellore,RainCinemaNellore,Telugu,19:00,Premium,150₹,302,61
AndhraPradesh,Nellore,RainCinemaNellore,Telugu,19:00,Popular,112₹,79,0
Karnataka,Bengaluru,SriVinayakaDigital4KCinemaMarathalli,Telugu,19:00,DiamondClass,150₹,125,12
Karnataka,Bengaluru,SriVinayakaDigital4KCinemaMarathalli,Telugu,19:00,GoldClass,100₹,120,6
AndhraPradesh,Nellore,SiriMultiplexNellore,Telugu,19:00,Gold,140₹,330,0
AndhraPradesh,Nellore,SiriMultiplexNellore,Telugu,19:00,PlatinumSofas,140₹,330,0
AndhraPradesh,Nellore,SiriMultiplexNellore,Telugu,19:00,Silver,110₹,330,0
Karnataka,Bengaluru,PvrAuraParkSquareBengaluru,Telugu,19:05,Classic,235₹,182,71
Karnataka,Bengaluru,PvrAuraParkSquareBengaluru,Telugu,19:05,Recliner,510₹,16,0
AndhraPradesh,Nizamabad,AsianUshaPrasadMultiplexNizamabad,Telugu,19:10,Gold,150₹,357,60
AndhraPradesh,Nizamabad,AsianUshaPrasadMultiplexNizamabad,Telugu,19:10,Silver,112₹,54,0
AndhraPradesh,Vijayawada,InoxLeplIconPatamata,Telugu,19:10,Royal,295₹,21,18
AndhraPradesh,Vijayawada,InoxLeplIconPatamata,Telugu,19:10,Club,177₹,331,37
Karnataka,Bengaluru,BhumikaDigital2KCinemaGandhinagar,Telugu,19:15,Balcony,150₹,318,90
Karnataka,Bengaluru,BhumikaDigital2KCinemaGandhinagar,Telugu,19:15,Middle,120₹,576,98
AndhraPradesh,Vijayawada,CinepolisPvpSquareMallVijayawada,Telugu,19:15,Normal,177₹,224,73
Telangana,Hyderabad,InoxSattvaNecklaceMallKavadiguda,Telugu,19:15,Royal,250₹,16,15
Telangana,Hyderabad,InoxSattvaNecklaceMallKavadiguda,Telugu,19:15,Executive,150₹,294,103
AndhraPradesh,VizagVisakhapatnam,InoxCmrCentralGajuwaka,Telugu,19:15,Royal,295₹,15,14
AndhraPradesh,VizagVisakhapatnam,InoxCmrCentralGajuwaka,Telugu,19:15,Executive,177₹,306,89
Telangana,Hyderabad,AsianCineplanetMultiplexKompally,Telugu,19:20,Gold,170₹,690,213
Telangana,Hyderabad,AsianMuktaCinemasA2MjrSquareNarapally,Telugu,19:20,Gold,150₹,370,123
Telangana,Hyderabad,AsianMuktaCinemasA2MjrSquareNarapally,Telugu,19:20,Loungers,150₹,13,4
AndhraPradesh,Karimnagar,AsianMuktaA2SrinivasaTheatreKarimnagar,Telugu,19:20,Premium,195₹,24,21
AndhraPradesh,Karimnagar,AsianMuktaA2SrinivasaTheatreKarimnagar,Telugu,19:20,Gold,150₹,234,31
AndhraPradesh,Karimnagar,AsianMuktaA2SrinivasaTheatreKarimnagar,Telugu,19:20,Silver,112₹,78,4
Telangana,Hyderabad,CinepolisSudhaCinemasHyderabad,Telugu,19:20,Normal,150₹,72,0
Telangana,Hyderabad,CinepolisSudhaCinemasHyderabad,Telugu,19:20,Executive,150₹,133,58
Telangana,Hyderabad,MirajCinemasGeetaChandanagar,Telugu,19:20,Gold,250₹,86,25
Telangana,Hyderabad,MirajCinemasGeetaChandanagar,Telugu,19:20,Executive,150₹,349,49
AndhraPradesh,Vizianagaram,InoxNcsMallVizianagaram,Telugu,19:25,Exclusive,177₹,318,68
AndhraPradesh,VizagVisakhapatnam,InoxVarunBeachBeachRoad,Telugu,19:25,Royal,295₹,18,18
AndhraPradesh,VizagVisakhapatnam,InoxVarunBeachBeachRoad,Telugu,19:25,Excutive,177₹,245,47
Telangana,Hyderabad,BvkMultiplexVijayalakshmiLbNagar,Telugu,19:25,BoxA,250₹,24,14
Telangana,Hyderabad,BvkMultiplexVijayalakshmiLbNagar,Telugu,19:25,BoxB,250₹,24,2
Telangana,Hyderabad,BvkMultiplexVijayalakshmiLbNagar,Telugu,19:25,Balcony,200₹,596,141
AndhraPradesh,VizagVisakhapatnam,InoxVizagChitralayaMall,Telugu,19:25,Royale,295₹,15,14
AndhraPradesh,VizagVisakhapatnam,InoxVizagChitralayaMall,Telugu,19:25,Executive,177₹,320,54
Telangana,Hyderabad,PvrInorbitCyberabad,Telugu,19:30,Classic,150₹,161,100
Telangana,Hyderabad,PvrRkCineplexHyderabad,Telugu,19:30,Classic,150₹,429,66
Telangana,Hyderabad,PvrRkCineplexHyderabad,Telugu,19:30,Recliner,250₹,52,49
Telangana,Hyderabad,InoxGsmMallHyderabad,Telugu,19:30,Royal,250₹,17,16
Telangana,Hyderabad,InoxGsmMallHyderabad,Telugu,19:30,Executive,150₹,386,160
Telangana,Hyderabad,GprMultiplexNizampetHyderabad,Telugu,19:30,Sofa,250₹,25,10
Telangana,Hyderabad,GprMultiplexNizampetHyderabad,Telugu,19:30,Gold,200₹,658,67
Telangana,Hyderabad,AmbCinemasGachibowli,Telugu,19:30,Platinum,350₹,14,13
Telangana,Hyderabad,AmbCinemasGachibowli,Telugu,19:30,Gold,295₹,403,205
Telangana,Hyderabad,AmbCinemasGachibowli,Telugu,19:30,Loungers,295₹,19,10
AndhraPradesh,Narsipatnam,PvrSreeKanyaNarsipatnam,Telugu,19:30,Classic,60₹,45,42
AndhraPradesh,Narsipatnam,PvrSreeKanyaNarsipatnam,Telugu,19:30,ClassicPlus,150₹,354,18
Telangana,Hyderabad,AsianRadhikaMultiplexEcil,Telugu,19:30,Gold,180₹,360,154
TamilNadu,Chennai,MayajaalMultiplexEcrChennai,Telugu,19:30,FirstClass,202₹,137,3
Telangana,Hyderabad,PvrMusarambaghHyderabad,Telugu,19:30,Classic,150₹,188,130
Telangana,Hyderabad,PvrMusarambaghHyderabad,Telugu,19:30,Recliner,250₹,8,8
Telangana,Hyderabad,MirajCinemasA2ACentralMallBalanagar,Telugu,19:30,Executive,150₹,338,101
Telangana,Hyderabad,MirajCinemasA2ACentralMallBalanagar,Telugu,19:30,Gold,250₹,25,25
Telangana,Hyderabad,AsianCineSquareMultiplexUppal,Telugu,19:35,Sofa,180₹,13,9
Telangana,Hyderabad,AsianCineSquareMultiplexUppal,Telugu,19:35,Gold,150₹,184,89
AndhraPradesh,Warangal,AsianSrideviMultiplexHanumakonda,Telugu,19:35,Gold,180₹,308,122
AndhraPradesh,Warangal,AsianSrideviMultiplexHanumakonda,Telugu,19:35,Silver,150₹,31,8
Telangana,Hyderabad,CinepolisDslVirtueMallUppalHyderabad,Telugu,19:35,Normal,150₹,35,0
Telangana,Hyderabad,CinepolisDslVirtueMallUppalHyderabad,Telugu,19:35,Executive,150₹,196,139
Telangana,Hyderabad,CinepolisDslVirtueMallUppalHyderabad,Telugu,19:35,Vip,250₹,14,14
AndhraPradesh,VizagVisakhapatnam,InoxCmrCentralMaddilapalem,Telugu,19:35,Executive,177₹,338,95
Telangana,Hyderabad,PvrAtriumGachibowliHyderabad,Telugu,19:40,Classic,150₹,276,99
Telangana,Hyderabad,PvrAtriumGachibowliHyderabad,Telugu,19:40,Recliner,250₹,16,9
Telangana,Hyderabad,AsianMCubeMallAttapur,Telugu,19:40,Gold,150₹,356,91
AndhraPradesh,Guntur,PvrTheCinemaGuntur,Telugu,19:40,Premium,295₹,10,9
AndhraPradesh,Guntur,PvrTheCinemaGuntur,Telugu,19:40,Deluxe,177₹,170,10
Telangana,Hyderabad,PvrCentralMallPanjagutta,Telugu,19:40,Classic,150₹,416,92
Telangana,Hyderabad,InoxGvkOneBanjaraHills,Telugu,19:40,Royal,250₹,14,13
Telangana,Hyderabad,InoxGvkOneBanjaraHills,Telugu,19:40,Executive,195₹,257,77
Telangana,Hyderabad,PvrIconHitechMadhapurHyderabad,Telugu,19:40,Classic,150₹,289,122
Telangana,Hyderabad,PvrIconHitechMadhapurHyderabad,Telugu,19:40,Recliner,250₹,13,13
AndhraPradesh,Vijayawada,InoxUrvasiComplexGandhiNagar,Telugu,19:40,Club,177₹,570,86
Telangana,Hyderabad,PvrIrrumManzilHyderabad,Telugu,19:40,Classic,150₹,264,52
Telangana,Hyderabad,PvrIrrumManzilHyderabad,Telugu,19:40,Recliner,250₹,18,18
Telangana,Hyderabad,MovietimeCinemasAmeerpetFormerlyCarnival,Telugu,19:40,SilverClass,150₹,372,44
Telangana,Hyderabad,CinepolisCcplMallMalkajgiriHyderabad,Telugu,19:45,Executive,150₹,156,45
Telangana,Hyderabad,CinepolisMantraMallAttapur,Telugu,19:45,Normal,150₹,213,62
Telangana,Hyderabad,CinepolisMantraMallAttapur,Telugu,19:45,Vip,250₹,12,12
Telangana,Hyderabad,MirajCinemasCineTownMiyapur,Telugu,19:50,Executive,150₹,408,45
Telangana,Hyderabad,MirajCinemasCineTownMiyapur,Telugu,19:50,Gold,235₹,22,2
Telangana,Hyderabad,MirajCinemasCineTownMiyapur,Telugu,19:50,Executivep,150₹,272,0
Telangana,Hyderabad,PvrNexusMallKukatpallyHyderabad,Telugu,19:50,Classic,150₹,278,202
Telangana,Hyderabad,PvrNexusMallKukatpallyHyderabad,Telugu,19:50,Recliner,250₹,13,13
AndhraPradesh,Vijayawada,PvrRipplesVijaywada,Telugu,19:50,Classic,177₹,226,32
AndhraPradesh,Vijayawada,PvrRipplesVijaywada,Telugu,19:50,Recliner,295₹,14,10
Telangana,Hyderabad,TivoliCinemasSecunderabad,Telugu,19:50,GoldUpper,180₹,383,96
Telangana,Hyderabad,TivoliCinemasSecunderabad,Telugu,19:50,GoldLower,180₹,376,0
AndhraPradesh,Guntur,PvrTheCinemaGuntur,Telugu,19:50,Premium,295₹,13,11
AndhraPradesh,Guntur,PvrTheCinemaGuntur,Telugu,19:50,Deluxe,177₹,155,19
Telangana,Hyderabad,PvrPrestonPrimeGachibowliHyderabad,Telugu,19:50,Classic,150₹,256,171
Telangana,Hyderabad,PvrNextGalleriaMallPanjagutta,Telugu,19:50,Classic,150₹,209,123
Telangana,Hyderabad,PvrNextGalleriaMallPanjagutta,Telugu,19:50,Recliner,250₹,11,11
Telangana,Hyderabad,PvrMallapurHyderabad,Telugu,19:50,Classic,150₹,196,44
AndhraPradesh,Nizamabad,PvrVenuMallNizamabad,Telugu,19:50,Classic,150₹,362,79
AndhraPradesh,Nizamabad,PvrVenuMallNizamabad,Telugu,19:50,Recliner,250₹,13,10
AndhraPradesh,Warangal,PvrMaddoxWarangal,Telugu,19:50,Classic,150₹,347,60
AndhraPradesh,Vijayawada,CinepolisPowerOneMallVijayawada,Telugu,19:55,Normal,147₹,36,2
AndhraPradesh,Vijayawada,CinepolisPowerOneMallVijayawada,Telugu,19:55,Executive,147₹,75,2
AndhraPradesh,Vijayawada,CinepolisPowerOneMallVijayawada,Telugu,19:55,Premium,147₹,182,34
AndhraPradesh,VizagVisakhapatnam,CinepolisSreekanyaCineglitzMadhurawada,Telugu,19:55,Normal,177₹,38,3
AndhraPradesh,VizagVisakhapatnam,CinepolisSreekanyaCineglitzMadhurawada,Telugu,19:55,Executive,177₹,187,29
Telangana,Hyderabad,PrasadsHyderabad,Telugu,20:00,Executive,250₹,390,125
Telangana,Hyderabad,PlatinumMovietimeCinemaGachibowliSlnTerminus,Telugu,20:25,PlatinumPremiumRecliner,350₹,18,18
Telangana,Hyderabad,PlatinumMovietimeCinemaGachibowliSlnTerminus,Telugu,20:25,PlatinumRecliners,350₹,40,29
Orissa,Paralakhemundi,SkCinemaxParalakhemundi,Telugu,20:30,RoyalClass,120₹,225,5
Orissa,BerhampurOdisha,SivamaxAc71DolbyDigitalBerhampur,Telugu,20:45,Balcony,100₹,124,0
Orissa,BerhampurOdisha,SivamaxAc71DolbyDigitalBerhampur,Telugu,20:45,RearStall,70₹,180,0
AndhraPradesh,VizagVisakhapatnam,NarasimhaAC2KDolbyGopalapatnam,Telugu,20:45,Premium,112₹,180,4
Telangana,Hyderabad,SvCinesquarePatancheru,Telugu,21:00,Balcony,150₹,518,6
Telangana,Hyderabad,Vijetha70Mm4KAtmosBorabanda,Telugu,21:00,Balcony,150₹,432,92
Telangana,Hyderabad,Vijetha70Mm4KAtmosBorabanda,Telugu,21:00,DressCircle,80₹,182,50
Telangana,Hyderabad,AsianSwapna70MmKatedan,Telugu,21:00,Platinum,110₹,323,0
Telangana,Hyderabad,AsianSwapna70MmKatedan,Telugu,21:00,Gold,80₹,189,15
Telangana,Hyderabad,AlankarPratapTheatreLangerHouse,Telugu,21:00,Balcony,150₹,48,0
Telangana,Hyderabad,AlankarPratapTheatreLangerHouse,Telugu,21:00,Balcony,150₹,270,3
AndhraPradesh,Kamareddy,AsianDarshanKamareddy,Telugu,21:00,Gold,110₹,472,19
Telangana,Hyderabad,AsianMukundCinemaMedchal,Telugu,21:00,Gold,110₹,519,68
Telangana,Hyderabad,AsianMukundCinemaMedchal,Telugu,21:00,Lounger,150₹,20,18
AndhraPradesh,Huzurnagar,SrinivasaPicturePalaceHuzurnagar,Telugu,21:00,Balcony,110₹,488,0
AndhraPradesh,Huzurnagar,SrinivasaPicturePalaceHuzurnagar,Telugu,21:00,SecondClass,110₹,488,0
AndhraPradesh,Aswaraopeta,LakshmiSrinivasaTalkiesAswaraopeta,Telugu,21:00,Balcony,100₹,160,0
Telangana,Manuguru,SriSatyaBhaskaraPicturePalaceManuguru,Telugu,21:00,Balcony,100₹,268,28
Telangana,Hyderabad,Ganesh70MmShamshabad,Telugu,21:00,Gold,110₹,174,30
Telangana,Hyderabad,Ganesh70MmShamshabad,Telugu,21:00,Silver,90₹,492,14
Telangana,Hyderabad,VyjayanthiCinemaAC2KNacharam,Telugu,21:00,Balcony,150₹,283,0
Telangana,Hyderabad,VyjayanthiCinemaAC2KNacharam,Telugu,21:00,FirstClass,100₹,142,0
AndhraPradesh,Sircilla,AsianNatrajDeluxeTheatreACSircilla,Telugu,21:00,Balcony,110₹,491,78
AndhraPradesh,Sircilla,AsianNatrajDeluxeTheatreACSircilla,Telugu,21:00,LowerClass,50₹,109,0
AndhraPradesh,Vemulawada,ShivaRamaKrishnaTheatreVemulawada,Telugu,21:00,Balcony,100₹,104,0
AndhraPradesh,Kalwakurthy,AshokaCinemaKalwakurthy,Telugu,21:00,Platinum,100₹,383,104
AndhraPradesh,Metpally,AsianSaiKrishnaMetpally,Telugu,21:00,UpperBalcony,110₹,137,42
AndhraPradesh,Metpally,AsianSaiKrishnaMetpally,Telugu,21:00,Gold,110₹,295,16
AndhraPradesh,Metpally,AsianSaiKrishnaMetpally,Telugu,21:00,Silver,80₹,92,0
AndhraPradesh,Medak,AsianSaiDattaPicturePalaceMedak,Telugu,21:00,Gold,110₹,427,132
AndhraPradesh,Siddipet,AsianSrinivasaDeluxeSiddipet,Telugu,21:00,Balcony,110₹,307,0
AndhraPradesh,Siddipet,AsianSrinivasaDeluxeSiddipet,Telugu,21:00,FirstClass,90₹,182,0
AndhraPradesh,Bhadrachalam,AsianUdayBhaskarBhadrachalam,Telugu,21:00,Balcony,110₹,505,99
AndhraPradesh,Bhadrachalam,AsianUdayBhaskarBhadrachalam,Telugu,21:00,ReservedClass,80₹,54,0
AndhraPradesh,Sadasivpet,AsianMaheshwariSadasivpet,Telugu,21:00,Gold,110₹,501,102
AndhraPradesh,Sadasivpet,AsianMaheshwariSadasivpet,Telugu,21:00,Silver,80₹,59,1
Telangana,Hyderabad,SaiRangaMiyapur,Telugu,21:00,UpperBalcony,150₹,305,41
Telangana,Hyderabad,SaiRangaMiyapur,Telugu,21:00,LowerBalcony,150₹,374,0
Telangana,Hyderabad,SaiRangaMiyapur,Telugu,21:00,DressCircle,100₹,168,3
Telangana,Hyderabad,SaiRangaMiyapur,Telugu,21:00,LowerClass,50₹,208,15
AndhraPradesh,Wanaparthy,SriRama70MmACDtsWanaparthy,Telugu,21:00,FirstClass,110₹,147,0
AndhraPradesh,Uppada,SrinivasaTheatreACDtsUppada,Telugu,21:00,FirstClass,100₹,36,0
Telangana,Hyderabad,Sharada70MmKapra,Telugu,21:00,Balcony,110₹,200,0
Telangana,Hyderabad,Sharada70MmKapra,Telugu,21:00,DressCircle,80₹,85,0
AndhraPradesh,Kalla,SriLakshmiCinemaxACDtsKalla,Telugu,21:00,FirstClass,100₹,40,0
Telangana,Hyderabad,SreeSaiPujaSuraram,Telugu,21:00,BalconyMaharaja,110₹,384,166
Telangana,Hyderabad,SreeSaiPujaSuraram,Telugu,21:00,LowerBalconyRaja,80₹,325,138
AndhraPradesh,Valluru,VijayaKrishnaTheaterValluru,Telugu,21:00,FirstClass,100₹,36,0
AndhraPradesh,Palakollu,AdabalaTheatreScreen1Palakollu,Telugu,21:00,FirstClass,150₹,154,96
AndhraPradesh,Bhimadole,SriSrinivasMahalBhimadole,Telugu,21:00,Balcony,100₹,100,0
AndhraPradesh,Koyyalagudem,MahaLakshmiTheatreKoyyalagudem,Telugu,21:00,Balcony,100₹,40,0
AndhraPradesh,Cherial,VbkMaxCherial,Telugu,21:00,Balcony,100₹,120,0
AndhraPradesh,Devarapalli,TrinadhTheatreACDevarapalli,Telugu,21:00,FirstClass,100₹,39,0
AndhraPradesh,Dubbaka,SrinivasaTheatreDubbaka,Telugu,21:00,Balcony,100₹,100,0
AndhraPradesh,Dubbaka,SrinivasaTheatreDubbaka,Telugu,21:00,SecondClass,100₹,100,0
AndhraPradesh,Cherla,RaghuPicturePalaceCherla,Telugu,21:00,Balcony,100₹,30,0
AndhraPradesh,Chagallu,VenkataKrishnaTheatreVMaxChagallu,Telugu,21:00,FirstClass,100₹,156,32
AndhraPradesh,Bhupalpalle,UrvashiTheatreBhupalpalle,Telugu,21:00,Balcony,100₹,40,0
AndhraPradesh,Nalgonda,VenkateswaraTheatreNalgonda,Telugu,21:00,Balcony,110₹,531,0
AndhraPradesh,Nalgonda,VenkateswaraTheatreNalgonda,Telugu,21:00,SecondClass,50₹,531,0
Telangana,Hyderabad,JyothiCinemaIdaBolaram,Telugu,21:00,Balcony,100₹,53,0
AndhraPradesh,Kothapeta,RsMiniplexKothapeta,Telugu,21:00,FirstClass,100₹,166,46
AndhraPradesh,Penuganchiprolu,SriVenkateswaraACDolbySoundPenuganchiprolu,Telugu,21:00,Balcony,100₹,288,2
AndhraPradesh,Penuganchiprolu,SriVenkateswaraACDolbySoundPenuganchiprolu,Telugu,21:00,FirstClass,100₹,77,0
AndhraPradesh,Shadnagar,Parameswara70MmShadnagar,Telugu,21:00,Balcony,110₹,330,9
AndhraPradesh,Shadnagar,Parameswara70MmShadnagar,Telugu,21:00,DressCircle,80₹,224,8
AndhraPradesh,Shadnagar,Parameswara70MmShadnagar,Telugu,21:00,ThirdClass,50₹,100,0
AndhraPradesh,Nakrekal,SriVenkateswaraTheatre70MmAcNakrekal,Telugu,21:00,Balcony,100₹,179,0
AndhraPradesh,Nakrekal,SriVenkateswaraTheatre70MmAcNakrekal,Telugu,21:00,ReservedClass,80₹,179,0
AndhraPradesh,Nakrekal,SriVenkateswaraTheatre70MmAcNakrekal,Telugu,21:00,FirsClasss,50₹,179,0
AndhraPradesh,Kamareddy,SangamDeluxeDomakondaKamareddy,Telugu,21:00,Balcony,100₹,150,0
AndhraPradesh,Suryapet,NavyaTheatreSuryapet,Telugu,21:00,Balcony,110₹,44,0
AndhraPradesh,Suryapet,NavyaTheatreSuryapet,Telugu,21:00,LowerBalcony,110₹,65,0
AndhraPradesh,Suryapet,NavyaTheatreSuryapet,Telugu,21:00,SecondClass,80₹,52,0
Telangana,Hyderabad,SantoshTheatreIbrahimpatnam,Telugu,21:00,Box,100₹,94,0
Telangana,Hyderabad,SantoshTheatreIbrahimpatnam,Telugu,21:00,Balcony,100₹,300,0
Telangana,Jadcherla,Srinvasa70MmACJadcherla,Telugu,21:00,Balcony,110₹,235,0
AndhraPradesh,Bichkunda,ParameswariTheatreBichkunda,Telugu,21:00,Box,100₹,58,0
AndhraPradesh,Jagtial,DurgaRajaKalamandirJagtial,Telugu,21:00,Deluxe,110₹,405,41
AndhraPradesh,StationGhanpur,MahalaxmiCinemasStationGhanpur,Telugu,21:00,Platinum,100₹,96,0
AndhraPradesh,Jammikunta,HariHaraTalkiesJammikunta,Telugu,21:00,Balcony,100₹,130,0
AndhraPradesh,Kodad,ConnplexSmartTheatreKodad,Telugu,21:00,Miller,150₹,50,0
AndhraPradesh,Kodad,ConnplexSmartTheatreKodad,Telugu,21:00,Lounger,150₹,12,0
AndhraPradesh,Dornakal,LaxmiTalkiesDornakal,Telugu,21:00,Balcony,70₹,160,0
AndhraPradesh,Zaheerabad,AsianMaheshwari70MmACDtsZaheerabad,Telugu,21:00,Gold,110₹,336,154
AndhraPradesh,Zaheerabad,AsianMaheshwari70MmACDtsZaheerabad,Telugu,21:00,Silver,80₹,262,0
AndhraPradesh,VizagVisakhapatnam,SriLakshmiNarasimhaPicturePalace104Area,Telugu,21:00,FirstClass,145₹,54,2
AndhraPradesh,Peddapuram,LalithaSriLalithaTheatrePeddapuram,Telugu,21:00,FirstClass,100₹,118,0
AndhraPradesh,Peddapuram,LalithaSriLalithaTheatrePeddapuram,Telugu,21:00,SecondClass,70₹,118,0
AndhraPradesh,Mancherial,DeviTirumalaComplexMancherial,Telugu,21:00,Balcony,110₹,255,0
AndhraPradesh,Mancherial,DeviTirumalaComplexMancherial,Telugu,21:00,FirstClass,70₹,255,0
AndhraPradesh,Kaikaluru,SriVijayalakshmiTheatreKaikalur,Telugu,21:00,Box,100₹,79,0
AndhraPradesh,Kaikaluru,SriVijayalakshmiTheatreKaikalur,Telugu,21:00,Sofa,100₹,79,0
AndhraPradesh,Kaikaluru,SriVijayalakshmiTheatreKaikalur,Telugu,21:00,FirstClass,100₹,79,0
AndhraPradesh,Kaikaluru,SriVijayalakshmiTheatreKaikalur,Telugu,21:00,SecondClass,78₹,79,0
AndhraPradesh,Miryalaguda,VenkateshwaraTheaterMiryalaguda,Telugu,21:00,Balcony,110₹,257,0
AndhraPradesh,Miryalaguda,VenkateshwaraTheaterMiryalaguda,Telugu,21:00,DownBalcony,110₹,154,0
AndhraPradesh,Miryalaguda,VenkateshwaraTheaterMiryalaguda,Telugu,21:00,SecondClass,80₹,146,0
AndhraPradesh,Miryalaguda,VenkateshwaraTheaterMiryalaguda,Telugu,21:00,LowerClass,50₹,161,1
AndhraPradesh,Miryalaguda,VenkateshwaraTheaterMiryalaguda,Telugu,21:00,ABox,110₹,35,0
AndhraPradesh,Miryalaguda,VenkateshwaraTheaterMiryalaguda,Telugu,21:00,BBox,110₹,50,0
Telangana,Hyderabad,AsianGanga4KDilsukhnagar,Telugu,21:00,BoxA,150₹,27,27
Telangana,Hyderabad,AsianGanga4KDilsukhnagar,Telugu,21:00,BoxB,150₹,26,26
Telangana,Hyderabad,AsianGanga4KDilsukhnagar,Telugu,21:00,Balcony,150₹,537,81
Telangana,Hyderabad,AsianGanga4KDilsukhnagar,Telugu,21:00,FirstClass,110₹,170,11
AndhraPradesh,Gummadidala,SriVenkateshwaraTalkiesGummadidala,Telugu,21:00,Balcony,100₹,135,0
Telangana,Hyderabad,CinepolisCcplMallMalkajgiriHyderabad,Telugu,21:00,Executive,150₹,141,45
AndhraPradesh,Palwancha,SriVenkateshwaraPalvancha,Telugu,21:00,Balcony,110₹,46,0
Telangana,Hyderabad,CinepolisDslVirtueMallUppalHyderabad,Telugu,21:00,Normal,150₹,35,0
Telangana,Hyderabad,CinepolisDslVirtueMallUppalHyderabad,Telugu,21:00,Executive,150₹,160,101
Telangana,Hyderabad,CinepolisDslVirtueMallUppalHyderabad,Telugu,21:00,Vip,250₹,14,13
AndhraPradesh,Jaggampeta,SriRajaveniTheatreJaggampeta,Telugu,21:00,FirstClass,100₹,200,0
Orissa,Nabarangpur,Ds3CinemasNabarangpur,Telugu,21:00,RoyalClass,300₹,18,0
Orissa,Nabarangpur,Ds3CinemasNabarangpur,Telugu,21:00,LuxuryClass,250₹,16,0
Orissa,Nabarangpur,Ds3CinemasNabarangpur,Telugu,21:00,PlatinumClass,200₹,18,0
Orissa,Nabarangpur,Ds3CinemasNabarangpur,Telugu,21:00,GoldClass,180₹,26,0
Orissa,Nabarangpur,Ds3CinemasNabarangpur,Telugu,21:00,SilverClass,160₹,20,0
AndhraPradesh,Anakapalle,StblCineWorldAtchutapuram,Telugu,21:00,SofaSeats,100₹,160,0
AndhraPradesh,Anakapalle,StblCineWorldAtchutapuram,Telugu,21:00,Premium,100₹,160,0
AndhraPradesh,Anakapalle,StblCineWorldAtchutapuram,Telugu,21:00,Executive,70₹,160,0
AndhraPradesh,Nuzvid,DwarakaCinemas4KDolbyAtmosNuzvid,Telugu,21:00,Platinum,148₹,217,27
AndhraPradesh,Nuzvid,DwarakaCinemas4KDolbyAtmosNuzvid,Telugu,21:00,Gold,148₹,52,0
AndhraPradesh,Nuzvid,DwarakaCinemas4KDolbyAtmosNuzvid,Telugu,21:00,Silver,100₹,46,2
AndhraPradesh,Nallajerla,SriLakshmiMultiplexNovaCinemazNallajerla,Telugu,21:00,Gold,295₹,19,1
AndhraPradesh,Nallajerla,SriLakshmiMultiplexNovaCinemazNallajerla,Telugu,21:00,Executives,120₹,162,21
AndhraPradesh,Nallajerla,SriLakshmiMultiplexNovaCinemazNallajerla,Telugu,21:00,Loungers,295₹,18,2
Telangana,Hyderabad,TalluriTheatresKushaiguda,Telugu,21:00,Gold,150₹,555,456
Telangana,Hyderabad,TalluriTheatresKushaiguda,Telugu,21:00,Silver,75₹,140,105
AndhraPradesh,Kovvur,AnanyaCinemasKovvur,Telugu,21:10,FirstClass,112₹,289,42
AndhraPradesh,Kovvur,AnanyaCinemasKovvur,Telugu,21:10,SecondClass,80₹,105,7
AndhraPradesh,Kovvur,AnanyaCinemasKovvur,Telugu,21:10,Recliner,250₹,10,0
AndhraPradesh,Ravulapalem,PadmasriPicturePalaceRavulapalem,Telugu,21:10,FirstClass,100₹,170,0
AndhraPradesh,Ravulapalem,PadmasriPicturePalaceRavulapalem,Telugu,21:10,1stClass,100₹,170,0
AndhraPradesh,Ravulapalem,PadmasriPicturePalaceRavulapalem,Telugu,21:10,ThirdClass,100₹,170,0
AndhraPradesh,Narsampet,JayasriTalkiesNarsampet,Telugu,21:15,BoxA,100₹,16,0
Telangana,Hyderabad,SriKrishna70MmUppal,Telugu,21:15,LowerBalcony,110₹,256,0
Telangana,Hyderabad,SriKrishna70MmUppal,Telugu,21:15,DressCircle,80₹,260,0
Telangana,Hyderabad,Vimal70MmBalanagar,Telugu,21:15,DiamondCircle,150₹,246,0
Telangana,Hyderabad,Vimal70MmBalanagar,Telugu,21:15,FirstClass,100₹,78,0
AndhraPradesh,Tallapudi,SriSaiTejaTheatreTallapudi,Telugu,21:15,FirstClass,100₹,162,0
AndhraPradesh,Tallapudi,SriSaiTejaTheatreTallapudi,Telugu,21:15,SecondClass,70₹,21,0
AndhraPradesh,Tallapudi,SriSaiTejaTheatreTallapudi,Telugu,21:15,ThirdClass,70₹,54,0
AndhraPradesh,Madanapalle,RaviTheatreAC4KDolby71Madanapalle,Telugu,21:15,Balcony,112₹,132,121
AndhraPradesh,Madanapalle,RaviTheatreAC4KDolby71Madanapalle,Telugu,21:15,Reserved,112₹,213,137
AndhraPradesh,Madanapalle,RaviTheatreAC4KDolby71Madanapalle,Telugu,21:15,FirstClass,112₹,112,4
AndhraPradesh,Madanapalle,RaviTheatreAC4KDolby71Madanapalle,Telugu,21:15,SecondClass,89₹,180,25
Telangana,Hyderabad,Gokul70MmErragadda,Telugu,21:15,UpperBalcony,150₹,340,40
Telangana,Hyderabad,Gokul70MmErragadda,Telugu,21:15,LowerBalcony,150₹,262,0
Telangana,Hyderabad,Gokul70MmErragadda,Telugu,21:15,FirstClass,100₹,174,62
Telangana,Hyderabad,Gokul70MmErragadda,Telugu,21:15,SecondClass,50₹,205,54
AndhraPradesh,RajamahendravaramRajahmundry,MuralikrishnaCinemaAC4K3DDowlaiswaram,Telugu,21:15,Balcony,110₹,321,47
AndhraPradesh,RajamahendravaramRajahmundry,MuralikrishnaCinemaAC4K3DDowlaiswaram,Telugu,21:15,SecondClass,70₹,113,18
Telangana,Hyderabad,Sudarshan35Mm4KLaserDolbyAtmosRtcXRoads,Telugu,21:15,UpperBalcony,150₹,465,7
Telangana,Hyderabad,Sudarshan35Mm4KLaserDolbyAtmosRtcXRoads,Telugu,21:15,LowerBalcony,150₹,232,0
Telangana,Hyderabad,Sudarshan35Mm4KLaserDolbyAtmosRtcXRoads,Telugu,21:15,FirstClass,110₹,124,2
Telangana,Hyderabad,Sudarshan35Mm4KLaserDolbyAtmosRtcXRoads,Telugu,21:15,SecondClass,55₹,250,0
AndhraPradesh,Haliya,AcchiReddyTheaterACDolbyDtsHaliya,Telugu,21:15,Balcony,100₹,84,22
AndhraPradesh,Haliya,AcchiReddyTheaterACDolbyDtsHaliya,Telugu,21:15,LowerBalcony,100₹,120,54
AndhraPradesh,Haliya,AcchiReddyTheaterACDolbyDtsHaliya,Telugu,21:15,FirstClass,70₹,152,0
AndhraPradesh,Warangal,BhavaniPicturePalaceKazipet,Telugu,21:15,Balcony,110₹,48,0
AndhraPradesh,Vikarabad,AsianSailajaVikarabad,Telugu,21:15,Gold,110₹,377,89
AndhraPradesh,Vikarabad,AsianSailajaVikarabad,Telugu,21:15,Silver,80₹,66,12
AndhraPradesh,Vatsavai,SriVenkateswaraTalkiesACVatsavai,Telugu,21:15,Premium,100₹,196,0
AndhraPradesh,Vatsavai,SriVenkateswaraTalkiesACVatsavai,Telugu,21:15,NonPremium,60₹,71,0
AndhraPradesh,Vuyyuru,G3TheatresSrinivasaTheatreVuyyuru,Telugu,21:15,1Premium,100₹,218,0
AndhraPradesh,Vuyyuru,G3TheatresSrinivasaTheatreVuyyuru,Telugu,21:15,2NonPremium,78₹,218,0
AndhraPradesh,Thorrur,AsianRamakrishnaThorrur,Telugu,21:15,BoxA,110₹,9,9
AndhraPradesh,Thorrur,AsianRamakrishnaThorrur,Telugu,21:15,BoxB,110₹,14,14
AndhraPradesh,Thorrur,AsianRamakrishnaThorrur,Telugu,21:15,Balcony,110₹,288,94
AndhraPradesh,Thorrur,AsianRamakrishnaThorrur,Telugu,21:15,FirstClass,80₹,44,3
AndhraPradesh,Kodad,AsianSrinivasaKodad,Telugu,21:15,Silver,80₹,121,56
AndhraPradesh,Kodad,AsianSrinivasaKodad,Telugu,21:15,Balcony,110₹,540,22
AndhraPradesh,Devarakonda,AsianManojDevarakonda,Telugu,21:15,Balcony,110₹,388,133
Telangana,Hyderabad,BrHitech70MmMadhapur,Telugu,21:15,Box,110₹,60,60
Telangana,Hyderabad,BrHitech70MmMadhapur,Telugu,21:15,ReservedClass,110₹,321,108
Telangana,Hyderabad,BrHitech70MmMadhapur,Telugu,21:15,SecondClass,80₹,232,57
Telangana,Hyderabad,BrHitech70MmMadhapur,Telugu,21:15,ThirdClass,50₹,83,17
Telangana,Hyderabad,RangaTheatre70MmJeedimetla,Telugu,21:15,Balcony,110₹,553,276
Telangana,Hyderabad,RangaTheatre70MmJeedimetla,Telugu,21:15,1stClass,80₹,510,240
Telangana,Hyderabad,SuperCinemaBalapur,Telugu,21:15,Balcony,150₹,198,1
Telangana,Hyderabad,SuperCinemaBalapur,Telugu,21:15,RajaCircle,100₹,58,0
Telangana,Hyderabad,SushmaCinemaVanasthalipuram,Telugu,21:15,Balcony,150₹,204,0
Telangana,Hyderabad,SushmaCinemaVanasthalipuram,Telugu,21:15,DressCircle,110₹,32,0
AndhraPradesh,Vizianagaram,SriVenkateswaraACDolbyDtsSKota,Telugu,21:15,FirstClass,100₹,380,45
AndhraPradesh,Chintalapudi,SriRatnaPicturePalaceChintalapudi,Telugu,21:15,DressCircle,120₹,110,0
AndhraPradesh,Chintalapudi,SriRatnaPicturePalaceChintalapudi,Telugu,21:15,SecondClass,100₹,98,0
AndhraPradesh,Yellareddy,LaxmiTalkiesACYellareddy,Telugu,21:15,BoxA,100₹,20,0
AndhraPradesh,Yellareddy,LaxmiTalkiesACYellareddy,Telugu,21:15,BoxB,100₹,20,0
AndhraPradesh,Yellareddy,LaxmiTalkiesACYellareddy,Telugu,21:15,FirstClass,100₹,200,0
AndhraPradesh,Vinukonda,KeerthiCinemasDolbyAtmos4KACVinukonda,Telugu,21:15,FirstClass,100₹,108,15
AndhraPradesh,Vinukonda,KeerthiCinemasDolbyAtmos4KACVinukonda,Telugu,21:15,SecondClass,100₹,96,0
AndhraPradesh,Vinukonda,KeerthiCinemasDolbyAtmos4KACVinukonda,Telugu,21:15,ThirdClass,100₹,70,0
AndhraPradesh,Narayankhed,VenkateshwaraTalkiesNarayankhed,Telugu,21:15,Balcony,100₹,150,0
AndhraPradesh,Yellandu,LalithaKalaMandirYellandu,Telugu,21:15,BoxA,110₹,10,0
AndhraPradesh,Yellandu,LalithaKalaMandirYellandu,Telugu,21:15,ReservedClass,110₹,56,0
AndhraPradesh,Karimnagar,SriThirumalaTheatreKarimnagar,Telugu,21:15,Balcony,110₹,464,0
AndhraPradesh,Karimnagar,SriThirumalaTheatreKarimnagar,Telugu,21:15,DressCircle,80₹,120,0
AndhraPradesh,Vijayawada,RamgopalTheaterVijayawada,Telugu,21:15,Balcony,65₹,63,0
AndhraPradesh,Vijayawada,RamgopalTheaterVijayawada,Telugu,21:15,FirstClass,65₹,67,0
AndhraPradesh,Mulugu,BalajiKalamandirMulugu,Telugu,21:15,Gold,100₹,54,0
AndhraPradesh,Sangareddy,NatrajTheatreSangareddy,Telugu,21:15,Sofa,110₹,316,0
AndhraPradesh,Sangareddy,NatrajTheatreSangareddy,Telugu,21:15,Balcony,110₹,316,0
AndhraPradesh,Sangareddy,NatrajTheatreSangareddy,Telugu,21:15,SecondClass,80₹,316,0
AndhraPradesh,Tekkali,SudarshanTheatreTekkali,Telugu,21:15,FirstClass,100₹,44,0
AndhraPradesh,Angara,SriVenkataManikyambaTheatreAngara,Telugu,21:15,FirstClass,100₹,66,0
Telangana,Hyderabad,VlsSridevi2KACDtsChilakalguda,Telugu,21:15,UpperBalcony,110₹,158,65
Telangana,Hyderabad,VlsSridevi2KACDtsChilakalguda,Telugu,21:15,LowerBalcony,80₹,472,140
AndhraPradesh,Proddatur,SudhaTheaterACUfo2KDolbyProddatur,Telugu,21:15,Balcony,100₹,190,117
AndhraPradesh,Proddatur,SudhaTheaterACUfo2KDolbyProddatur,Telugu,21:15,Deluxe,100₹,304,78
Telangana,Hyderabad,CineTownIndraNagendraKarmanghat,Telugu,21:15,UpperBalcony,150₹,327,94
Telangana,Hyderabad,CineTownIndraNagendraKarmanghat,Telugu,21:15,FamilyCircle,150₹,28,28
Telangana,Hyderabad,CineTownIndraNagendraKarmanghat,Telugu,21:15,LowerBalcony,110₹,140,8
Telangana,Hyderabad,CineTownIndraNagendraKarmanghat,Telugu,21:15,LowerClass,50₹,124,35
AndhraPradesh,Agiripalli,SriAnuDeluxeAgiripalli,Telugu,21:15,Balcony,100₹,218,55
AndhraPradesh,Warangal,AmruthaCinemaHanumakonda,Telugu,21:15,UpperBalcony,110₹,376,171
AndhraPradesh,Warangal,AmruthaCinemaHanumakonda,Telugu,21:15,LowerBalcony,100₹,192,53
AndhraPradesh,Warangal,AmruthaCinemaHanumakonda,Telugu,21:15,DressCircle,80₹,116,20
AndhraPradesh,Warangal,AmruthaCinemaHanumakonda,Telugu,21:15,FirstClass,50₹,170,50
AndhraPradesh,Konithiwada,RamakrishnaTheatreACKonithiwada,Telugu,21:15,1Premium,100₹,222,0
AndhraPradesh,Konithiwada,RamakrishnaTheatreACKonithiwada,Telugu,21:15,2SecondClass,100₹,222,0
AndhraPradesh,Konithiwada,RamakrishnaTheatreACKonithiwada,Telugu,21:15,1ThirdClass,100₹,222,0
AndhraPradesh,Jaggayyapeta,G3TheatresKamala,Telugu,21:15,Recliners,295₹,262,0
AndhraPradesh,Jaggayyapeta,G3TheatresKamala,Telugu,21:15,Sofa,112₹,262,0
AndhraPradesh,Jaggayyapeta,G3TheatresKamala,Telugu,21:15,Balcony,112₹,262,0
AndhraPradesh,Jaggayyapeta,G3TheatresKamala,Telugu,21:15,SecondClass,90₹,262,0
AndhraPradesh,VizagVisakhapatnam,StblCineWorldSheelanagarVizag,Telugu,21:15,Sofa,145₹,20,19
AndhraPradesh,VizagVisakhapatnam,StblCineWorldSheelanagarVizag,Telugu,21:15,PremiumClass,145₹,249,29
AndhraPradesh,VizagVisakhapatnam,StblCineWorldSheelanagarVizag,Telugu,21:15,ExecutiveClass,100₹,65,0
AndhraPradesh,Attili,SriVenkatramaHanumanPicturePalaceAttili,Telugu,21:15,FirstClass,100₹,218,0
AndhraPradesh,Attili,SriVenkatramaHanumanPicturePalaceAttili,Telugu,21:15,1stClass,100₹,218,0
Orissa,Rayagada,VKCentralMultiplexRayagada,Telugu,21:15,PremiumSofas,150₹,25,0
Orissa,Rayagada,VKCentralMultiplexRayagada,Telugu,21:15,Platinum,100₹,84,0
Telangana,Hyderabad,IndraVenkataramanaPadmavatiCinemaKachiguda,Telugu,21:15,EliteRecliners,235₹,42,0
Telangana,Hyderabad,IndraVenkataramanaPadmavatiCinemaKachiguda,Telugu,21:15,EliteSofa,175₹,176,13
Telangana,Hyderabad,IndraVenkataramanaPadmavatiCinemaKachiguda,Telugu,21:15,Premium,150₹,286,19
Telangana,Hyderabad,IndraVenkataramanaPadmavatiCinemaKachiguda,Telugu,21:15,Economy,80₹,126,8
AndhraPradesh,VizagVisakhapatnam,StblBalajiVillageCinemaSabbavaramVizag,Telugu,21:15,FirstClass,100₹,238,0
AndhraPradesh,VizagVisakhapatnam,StblBalajiVillageCinemaSabbavaramVizag,Telugu,21:15,SecondClass,70₹,238,0
AndhraPradesh,Narsipatnam,BangarajuPicturePalaceACDtsNarsipatnam,Telugu,21:15,FirstClass,112₹,351,0
AndhraPradesh,Narsipatnam,BangarajuPicturePalaceACDtsNarsipatnam,Telugu,21:15,ThirdClass,70₹,351,0
AndhraPradesh,VizagVisakhapatnam,StblCineWorldMadhurawadaVizag,Telugu,21:15,Recliners,250₹,371,0
AndhraPradesh,VizagVisakhapatnam,StblCineWorldMadhurawadaVizag,Telugu,21:15,Premium,145₹,371,0
AndhraPradesh,VizagVisakhapatnam,StblCineWorldMadhurawadaVizag,Telugu,21:15,Executive,100₹,371,0
Telangana,Hyderabad,MirajCinemasShaliniShivaniHyderabad,Telugu,21:15,Executive,150₹,579,128
Telangana,Hyderabad,MirajCinemasShaliniShivaniHyderabad,Telugu,21:15,Gold,250₹,29,28
AndhraPradesh,Amalapuram,VenkataramaACDts2KAmalapuram,Telugu,21:15,Platinum,110₹,366,146
AndhraPradesh,VizagVisakhapatnam,SreeKanyaCinemasGajuwaka,Telugu,21:20,Premium2,145₹,242,67
AndhraPradesh,VizagVisakhapatnam,SreeKanyaCinemasGajuwaka,Telugu,21:20,Premium3,145₹,122,2
AndhraPradesh,VizagVisakhapatnam,SreeKanyaCinemasGajuwaka,Telugu,21:20,NonPremium,100₹,137,42
Telangana,Hyderabad,LakshmiKalaMandirAlwal,Telugu,21:30,Balcony,100₹,196,0
Telangana,Hyderabad,LakshmiKalaMandirAlwal,Telugu,21:30,ReservedClass,70₹,96,0
Telangana,Hyderabad,LakshmiKalaMandirAlwal,Telugu,21:30,SecondClass,50₹,32,0
AndhraPradesh,Nandyal,PrathapACDtsNandyal,Telugu,21:30,Premium,110₹,294,147
AndhraPradesh,Nandyal,PrathapACDtsNandyal,Telugu,21:30,NonPremium,80₹,429,43
AndhraPradesh,Vijayawada,SivakrishnaCinemasAC2KDtsKondapalli,Telugu,21:30,Prime,100₹,263,32
AndhraPradesh,Kakinada,Padmapriya2KDolbyAtmosKakinada,Telugu,21:30,Diplomat,112₹,54,15
AndhraPradesh,RajamahendravaramRajahmundry,SriVenkataSuryaPicturePalace2KKadiam,Telugu,21:30,FirstClass,100₹,291,28
AndhraPradesh,RajamahendravaramRajahmundry,SriVenkataSuryaPicturePalace2KKadiam,Telugu,21:30,SecondClass,70₹,96,8
AndhraPradesh,Vijayawada,ApsaraCinemaHouseVijayawada,Telugu,21:30,Balcony,110₹,250,60
AndhraPradesh,Vijayawada,ApsaraCinemaHouseVijayawada,Telugu,21:30,DressCircle,110₹,62,13
AndhraPradesh,Vijayawada,ApsaraCinemaHouseVijayawada,Telugu,21:30,FirstClass,90₹,369,57
AndhraPradesh,Vijayawada,ApsaraCinemaHouseVijayawada,Telugu,21:30,SecondClass,70₹,227,62
AndhraPradesh,Rampachodavaram,LalithaTalkies2KACDtsRampachodavaram,Telugu,21:30,FirstClass,100₹,393,56
AndhraPradesh,Rampachodavaram,LalithaTalkies2KACDtsRampachodavaram,Telugu,21:30,SecondClass,80₹,48,0
AndhraPradesh,Kovvur,YScreensNovaCinemazKovvur,Telugu,21:30,Gold,295₹,17,1
AndhraPradesh,Kovvur,YScreensNovaCinemazKovvur,Telugu,21:30,Silver,150₹,178,17
AndhraPradesh,Kallur,MnrCinemaxPrabhakarPicturePalaceKallurAp,Telugu,21:30,FirstClass,100₹,138,0
AndhraPradesh,RajamahendravaramRajahmundry,VsMahal4KDolbyAtmos3DNamavaram,Telugu,21:30,FirstClass,110₹,321,52
AndhraPradesh,Pileru,CsnCinemaShukurPicturePalacePileru,Telugu,21:30,Diamond,100₹,318,3
AndhraPradesh,Pileru,CsnCinemaShukurPicturePalacePileru,Telugu,21:30,Gold,100₹,46,3
AndhraPradesh,Vijayawada,TaraScreens2KACPayakapuramVijayawada,Telugu,21:30,Recliner,295₹,10,6
AndhraPradesh,Vijayawada,TaraScreens2KACPayakapuramVijayawada,Telugu,21:30,GoldClass,112₹,214,33
AndhraPradesh,Vijayawada,TaraScreens2KACPayakapuramVijayawada,Telugu,21:30,SilverClass,78₹,40,13
AndhraPradesh,KovurNellore,SrinivasTheatreKovur,Telugu,21:30,Premium,100₹,318,0
AndhraPradesh,KovurNellore,SrinivasTheatreKovur,Telugu,21:30,Premium,100₹,318,0
AndhraPradesh,KovurNellore,SrinivasTheatreKovur,Telugu,21:30,NonPremium,100₹,318,0
AndhraPradesh,Adilabad,AsianNatarajDeluxeAdilabad,Telugu,21:30,Balcony,110₹,334,103
AndhraPradesh,Vijayawada,SwathiTheaterBhavanipuramNewlyRenovated,Telugu,21:30,PremiumClass,110₹,320,29
AndhraPradesh,Vijayawada,SwathiTheaterBhavanipuramNewlyRenovated,Telugu,21:30,EconomyClass,60₹,107,23
AndhraPradesh,Gollaprolu,SriGovindaMahalGollaprolu,Telugu,21:30,Gold,100₹,327,56
AndhraPradesh,Tirupati,SrinivasTejaACDtsTirupati,Telugu,21:30,Platinum,125₹,207,28
AndhraPradesh,Tirupati,SrinivasTejaACDtsTirupati,Telugu,21:30,Gold,80₹,78,27
AndhraPradesh,RajamahendravaramRajahmundry,GeethaApsaraTheatreRajahmundry,Telugu,21:30,Premium,112₹,322,0
AndhraPradesh,RajamahendravaramRajahmundry,GeethaApsaraTheatreRajahmundry,Telugu,21:30,NonPremium,75₹,322,0
AndhraPradesh,Vijayawada,BalajiIconiaAC2KDolbySurroundIbrahimpatnam,Telugu,21:30,Gold,295₹,18,2
AndhraPradesh,Vijayawada,BalajiIconiaAC2KDolbySurroundIbrahimpatnam,Telugu,21:30,Silver,120₹,315,55
AndhraPradesh,Husnabad,VenkateshwaraKalaMandirHusnabad,Telugu,21:30,FirstClass,100₹,179,0
AndhraPradesh,Husnabad,VenkateshwaraKalaMandirHusnabad,Telugu,21:30,SecondClass,100₹,179,0
AndhraPradesh,Samalkota,VigneswaraTheatreSamalkota,Telugu,21:30,Premium,110₹,269,98
AndhraPradesh,Samalkota,VigneswaraTheatreSamalkota,Telugu,21:30,NonPremium,90₹,76,76
AndhraPradesh,Ongole,SatyamAC4KDolbyAtmosOngole,Telugu,21:30,Platinum,250₹,19,0
AndhraPradesh,Ongole,SatyamAC4KDolbyAtmosOngole,Telugu,21:30,Gold,150₹,362,49
AndhraPradesh,Ongole,SatyamAC4KDolbyAtmosOngole,Telugu,21:30,Executive,70₹,38,12
AndhraPradesh,Khammam,Vinoda2KDolbyAtmosKhammam,Telugu,21:30,GoldUpper,110₹,155,142
AndhraPradesh,Khammam,Vinoda2KDolbyAtmosKhammam,Telugu,21:30,GoldLower,110₹,368,19
AndhraPradesh,Khammam,Vinoda2KDolbyAtmosKhammam,Telugu,21:30,Silver,80₹,96,16
AndhraPradesh,Khammam,Vinoda2KDolbyAtmosKhammam,Telugu,21:30,FirstClass,50₹,155,50
AndhraPradesh,Gudlavalleru,RamaKrishnaTheaterGudlavalleru,Telugu,21:30,Box,100₹,79,0
AndhraPradesh,Gudivada,G3BhaskarTalkiesGudivada,Telugu,21:30,Recliners,295₹,313,0
AndhraPradesh,Gudivada,G3BhaskarTalkiesGudivada,Telugu,21:30,FirstClass,112₹,313,0
AndhraPradesh,Gudivada,G3BhaskarTalkiesGudivada,Telugu,21:30,SecondClass,90₹,313,0
AndhraPradesh,RajamahendravaramRajahmundry,FortuneFourCinemasAC2K71Rajanagaram,Telugu,21:30,FirstClass,110₹,302,46
AndhraPradesh,Vijayawada,VenkataKrishnaTheatreACDtsPoranki,Telugu,21:30,Balcony,110₹,139,0
AndhraPradesh,Mahabubabad,LaxmiKalamandir2KDolby71ACMahabubabad,Telugu,21:30,Bolcony,110₹,351,32
AndhraPradesh,Mahabubabad,LaxmiKalamandir2KDolby71ACMahabubabad,Telugu,21:30,FirstClass,80₹,87,8
AndhraPradesh,Godavarikhani,RajeshTheatreGodavarikhani,Telugu,21:30,Balcony,110₹,419,0
AndhraPradesh,Godavarikhani,RajeshTheatreGodavarikhani,Telugu,21:30,DressCircle,80₹,118,0
AndhraPradesh,Eluru,AmbicaDeluxEluru,Telugu,21:30,FirstClass,150₹,57,5
AndhraPradesh,Anaparthi,SriSatyaGowriTheatreAnaparthi,Telugu,21:30,FirstClass,100₹,54,0
AndhraPradesh,Anaparthi,SriSatyaGowriTheatreAnaparthi,Telugu,21:30,SecondClass,70₹,54,0
AndhraPradesh,Mangalagiri,UrvasiTheaterACDtsMangalagiri,Telugu,21:30,PreBal,112₹,92,6
AndhraPradesh,Mangalagiri,UrvasiTheaterACDtsMangalagiri,Telugu,21:30,PreSofa,112₹,68,20
AndhraPradesh,Mangalagiri,UrvasiTheaterACDtsMangalagiri,Telugu,21:30,Pre1st,112₹,198,9
AndhraPradesh,Mangalagiri,UrvasiTheaterACDtsMangalagiri,Telugu,21:30,NonPre2nd,78₹,119,30
AndhraPradesh,VizagVisakhapatnam,MSTataPicturePalaceACDtsThagarapuvalasa,Telugu,21:30,PremiumClass,145₹,382,74
AndhraPradesh,VizagVisakhapatnam,MSTataPicturePalaceACDtsThagarapuvalasa,Telugu,21:30,SecondClass,100₹,146,39
AndhraPradesh,Chennur,SrinivasaTheaterChennur,Telugu,21:30,UpperBalcony,100₹,84,0
AndhraPradesh,Chennur,SrinivasaTheaterChennur,Telugu,21:30,LowerBalcony,100₹,34,0
AndhraPradesh,Chittoor,MsrMovieLandAC2KDolby74SurroundChittoor,Telugu,21:30,Balcony,145₹,190,0
AndhraPradesh,Chittoor,MsrMovieLandAC2KDolby74SurroundChittoor,Telugu,21:30,FirstClass,110₹,274,0
AndhraPradesh,Chittoor,MsrMovieLandAC2KDolby74SurroundChittoor,Telugu,21:30,SecondClass,110₹,180,0
AndhraPradesh,Edlapadu,JayalakshmiMovieLandEdlapadu,Telugu,21:30,Platinum,100₹,53,0
,Shankarampet,LaxmiTalkiesShankarampeta,Telugu,21:30,Balcony,70₹,200,0
AndhraPradesh,Pedana,SriKrishnaTulasiTheaterPedana,Telugu,21:30,Box,100₹,33,0
AndhraPradesh,Kakinada,SuryaCinemaxKakinada,Telugu,21:30,FirstClass,100₹,168,81
AndhraPradesh,Kakinada,SuryaCinemaxKakinada,Telugu,21:30,SecondClass,60₹,42,5
AndhraPradesh,Guntakal,KpsMoviesGuntakal,Telugu,21:30,FirstClass,110₹,284,102
AndhraPradesh,Guntakal,KpsMoviesGuntakal,Telugu,21:30,SecondClass,80₹,178,19
AndhraPradesh,Guntakal,KpsMoviesGuntakal,Telugu,21:30,ThirdClass,80₹,58,0
Telangana,Mahbubnagar,AvdCinemasMahbubnagar,Telugu,21:30,UpperClass,150₹,500,125
Telangana,Mahbubnagar,AvdCinemasMahbubnagar,Telugu,21:30,LowerClass,110₹,126,12
AndhraPradesh,Peddapalli,Srinivasa70MmAcDeluxPeddapalli,Telugu,21:30,Balcony,110₹,201,0
AndhraPradesh,Peddapalli,Srinivasa70MmAcDeluxPeddapalli,Telugu,21:30,DressCircle,80₹,201,0
AndhraPradesh,Peddapalli,Srinivasa70MmAcDeluxPeddapalli,Telugu,21:30,SecondClass,50₹,201,0
Telangana,Hyderabad,AsianShaShahenshaChintal,Telugu,21:30,Gold,175₹,560,32
Telangana,Hyderabad,AsianShaShahenshaChintal,Telugu,21:30,Silver,110₹,156,29
AndhraPradesh,Repalle,SriKrishnaAC4KDolbyAtmosRepalle,Telugu,21:30,Gold,110₹,308,0
AndhraPradesh,Repalle,SriKrishnaAC4KDolbyAtmosRepalle,Telugu,21:30,Chair,80₹,308,0
AndhraPradesh,Macherla,NagarjunaKalamandirMacherla,Telugu,21:30,AClass,100₹,418,0
AndhraPradesh,Macherla,NagarjunaKalamandirMacherla,Telugu,21:30,BClass,100₹,418,0
AndhraPradesh,Macherla,NagarjunaKalamandirMacherla,Telugu,21:30,CClass,100₹,418,0
AndhraPradesh,Macherla,NagarjunaKalamandirMacherla,Telugu,21:30,DClass,100₹,418,0
AndhraPradesh,Tatipaka,AnnapurnaTheatreAcDts2KTatipaka,Telugu,21:30,XExecutive,100₹,204,0
AndhraPradesh,Tatipaka,AnnapurnaTheatreAcDts2KTatipaka,Telugu,21:30,YFirstClass,100₹,204,0
AndhraPradesh,Machilipatnam,G3TheatresMachilipatnam,Telugu,21:30,PremiumClass,148₹,320,0
AndhraPradesh,Machilipatnam,G3TheatresMachilipatnam,Telugu,21:30,NonPremium,112₹,320,0
AndhraPradesh,Tadikalapudi,RevathiTheatreTadikalapudi,Telugu,21:30,FirstClass,150₹,78,0
AndhraPradesh,Tadikalapudi,RevathiTheatreTadikalapudi,Telugu,21:30,SecondClass,100₹,78,0
AndhraPradesh,Tadikalapudi,RevathiTheatreTadikalapudi,Telugu,21:30,Sofa,150₹,78,0
AndhraPradesh,Chodavaram,LakshmiTheatreChodavaram,Telugu,21:30,GoldClass,100₹,95,0
AndhraPradesh,Chodavaram,LakshmiTheatreChodavaram,Telugu,21:30,SilverClass,60₹,95,0
AndhraPradesh,Narasannapeta,SreeDeviPicturePalaceNarasannapeta,Telugu,21:30,Premium,100₹,115,0
AndhraPradesh,Narasannapeta,SreeDeviPicturePalaceNarasannapeta,Telugu,21:30,NonPremium2Cl,80₹,115,0
AndhraPradesh,Nandikotkur,SanthiTheaterACDtsNandikotkur,Telugu,21:30,Platinum,100₹,334,69
AndhraPradesh,Sattenapalle,SaiKrishna4KDolbyAtmosUltraHd3D,Telugu,21:30,Recliner,150₹,10,3
AndhraPradesh,Sattenapalle,SaiKrishna4KDolbyAtmosUltraHd3D,Telugu,21:30,Sofa,120₹,64,5
AndhraPradesh,Sattenapalle,SaiKrishna4KDolbyAtmosUltraHd3D,Telugu,21:30,LowerBalcony,100₹,131,2
AndhraPradesh,Sattenapalle,SaiKrishna4KDolbyAtmosUltraHd3D,Telugu,21:30,FirstClass,70₹,72,4
AndhraPradesh,Sattenapalle,SaiKrishna4KDolbyAtmosUltraHd3D,Telugu,21:30,SecondClass,50₹,72,0
AndhraPradesh,Malikipuram,PadmajaPicturePalace2KACDtsMalikipuram,Telugu,21:30,1stClass,100₹,220,53
AndhraPradesh,Thullur,TulasiCinemasThullur,Telugu,21:30,FirstClass,100₹,223,3
AndhraPradesh,Thullur,TulasiCinemasThullur,Telugu,21:30,SecondClass,100₹,63,0
AndhraPradesh,Thullur,TulasiCinemasThullur,Telugu,21:30,ThirdClass,100₹,48,0
AndhraPradesh,Lakkavaram,VenuGopalaPicturePalaceLakkavaram,Telugu,21:30,1stClass,100₹,204,0
TamilNadu,Chennai,AgsCinemasOmrNavlur,Telugu,21:30,Diamond,200₹,302,22
TamilNadu,Chennai,AgsCinemasOmrNavlur,Telugu,21:30,Pearl,63₹,34,33
AndhraPradesh,Dhone,SriSrinivasaTheaterDhone,Telugu,21:35,Platinum,100₹,362,16
Telangana,Hyderabad,InoxMaheshwari,Telugu,21:35,Executive,150₹,236,81
Telangana,Hyderabad,InoxGsmMallHyderabad,Telugu,21:40,Royal,250₹,17,17
Telangana,Hyderabad,InoxGsmMallHyderabad,Telugu,21:40,Executive,150₹,287,138
Telangana,Hyderabad,MovietimeCinemasAmeerpetFormerlyCarnival,Telugu,21:40,SilverClass,150₹,240,68
Telangana,Hyderabad,MovietimeCinemasAmeerpetFormerlyCarnival,Telugu,21:40,PlatinumRecliners,250₹,30,14
Telangana,Hyderabad,Viswanath70MmTheatreKukatpally,Telugu,21:45,ABox,150₹,31,12
Telangana,Hyderabad,Viswanath70MmTheatreKukatpally,Telugu,21:45,BBox,150₹,30,0
Telangana,Hyderabad,Viswanath70MmTheatreKukatpally,Telugu,21:45,Balcony,150₹,517,42
Telangana,Hyderabad,Viswanath70MmTheatreKukatpally,Telugu,21:45,FirstClass,100₹,385,41
Telangana,Hyderabad,Viswanath70MmTheatreKukatpally,Telugu,21:45,SecondClass,50₹,124,4
AndhraPradesh,Markapur,JagadeeswariTheatreAC4KDolbyAtmosMarkapur,Telugu,21:45,FirstClass,100₹,483,101
Telangana,Hyderabad,Bhramaramba70MmACDtsKukatpally,Telugu,21:45,MaharajaCircle,150₹,488,209
Telangana,Hyderabad,Bhramaramba70MmACDtsKukatpally,Telugu,21:45,DressCircle,100₹,190,50
AndhraPradesh,Guntur,HariharCinemasGuntur,Telugu,21:45,Balcony,147₹,133,70
AndhraPradesh,Guntur,HariharCinemasGuntur,Telugu,21:45,PseudoBalcony,147₹,158,3
AndhraPradesh,Guntur,HariharCinemasGuntur,Telugu,21:45,LowerClass,84₹,103,29
AndhraPradesh,Ongole,RatnaMahalAC4KDolbyAtmosOngole,Telugu,21:45,Gold,150₹,322,86
AndhraPradesh,Ongole,RatnaMahalAC4KDolbyAtmosOngole,Telugu,21:45,Executive,70₹,51,12
AndhraPradesh,Anantapur,ChhotuMaharajCineCafeAnantapur,Telugu,21:45,Classique,112₹,88,11
AndhraPradesh,Giddalur,SrinivasaTheaterGiddalur,Telugu,21:45,Platinum,100₹,374,60
AndhraPradesh,Anantapur,SvCinemax4KDolbyAtmosAnantapur,Telugu,21:45,Gold,148₹,168,0
AndhraPradesh,Anantapur,SvCinemax4KDolbyAtmosAnantapur,Telugu,21:45,Diamond,148₹,316,298
AndhraPradesh,Puttur,VishnuMahalTheaterPuttur,Telugu,21:45,PremiumClass,120₹,446,0
AndhraPradesh,Vizianagaram,SriLeelaMahalACDtsVizianagaram,Telugu,21:45,Balcony,112₹,499,243
AndhraPradesh,Vizianagaram,SriLeelaMahalACDtsVizianagaram,Telugu,21:45,ThirdClass,78₹,167,116
AndhraPradesh,Kadapa,RameshTheatreAC4KDolbyAtmosKadapa,Telugu,21:45,Gold,150₹,275,169
AndhraPradesh,Tirupati,SvCinemasAC4KDolbyAtmosChandragiri,Telugu,21:45,DiamondClass,100₹,255,0
AndhraPradesh,Tirupati,SvCinemasAC4KDolbyAtmosChandragiri,Telugu,21:45,GoldClass,80₹,70,0
AndhraPradesh,Buchireddypalem,RajKishoreTheatreBuchireddypalem,Telugu,21:45,FirstClass,100₹,200,0
AndhraPradesh,Buchireddypalem,RajKishoreTheatreBuchireddypalem,Telugu,21:45,SecondClass,100₹,200,0
AndhraPradesh,Warangal,AsianGeminiTheatreWarangal,Telugu,21:45,Platinum,150₹,285,28
AndhraPradesh,Warangal,AsianGeminiTheatreWarangal,Telugu,21:45,UpperClass,100₹,195,100
AndhraPradesh,Warangal,AsianGeminiTheatreWarangal,Telugu,21:45,Silver,80₹,56,2
Karnataka,Bengaluru,PvrGoldVrBengaluruWhitefieldRoad,Telugu,21:45,Gold,950₹,48,2
Karnataka,Bengaluru,PvrGoldVrBengaluruWhitefieldRoad,Telugu,21:45,GoldPrime,"1,050₹",8,6
Karnataka,Bengaluru,PvrAuraParkSquareBengaluru,Telugu,21:45,Classic,236₹,120,104
Karnataka,Bengaluru,PvrAuraParkSquareBengaluru,Telugu,21:45,Recliner,530₹,12,12
Karnataka,Bengaluru,PvrOrionUptownOldMadrasRoadBengaluru,Telugu,21:45,Classic,236₹,165,130
Karnataka,Bengaluru,PvrOrionUptownOldMadrasRoadBengaluru,Telugu,21:45,Recliner,460₹,12,12
AndhraPradesh,VizagVisakhapatnam,KinneraCinemaMaddilapalem,Telugu,21:45,Premium,145₹,60,14
AndhraPradesh,Vijayawada,G3RajYuvraj4KDolbyAtmosVijayawada,Telugu,21:45,GoldClass,177₹,84,19
AndhraPradesh,VizagVisakhapatnam,MuktaA2CinemasVizagCentralVizag,Telugu,21:45,Gold,150₹,24,0
AndhraPradesh,VizagVisakhapatnam,MuktaA2CinemasVizagCentralVizag,Telugu,21:45,Premium,150₹,118,15
AndhraPradesh,Sompeta,SksSivaMaxACSompeta,Telugu,21:45,FirstClass,100₹,372,186
AndhraPradesh,Sompeta,SksSivaMaxACSompeta,Telugu,21:45,SecondClass,100₹,24,0
AndhraPradesh,Sompeta,SksSivaMaxACSompeta,Telugu,21:45,ThirdClass,100₹,108,0
Karnataka,Bengaluru,SwagathMuraliGokula4KCinema,Telugu,21:45,Gold,150₹,711,10
Telangana,Hyderabad,SriSaiRam70MmAC4KDolbyAtmosMalkajgiri,Telugu,21:45,Paltinum,110₹,265,156
Telangana,Hyderabad,SriSaiRam70MmAC4KDolbyAtmosMalkajgiri,Telugu,21:45,Gold,80₹,316,123
Telangana,Hyderabad,SriSaiRam70MmAC4KDolbyAtmosMalkajgiri,Telugu,21:45,Silver,50₹,118,18
Karnataka,Bengaluru,BhumikaDigital2KCinemaGandhinagar,Telugu,22:00,Balcony,150₹,318,89
Karnataka,Bengaluru,BhumikaDigital2KCinemaGandhinagar,Telugu,22:00,Middle,120₹,576,96
AndhraPradesh,Tirupati,PadmaPicturePalaceAC4KDolbyAtmosRenigunta,Telugu,22:00,Platinum,100₹,280,0
AndhraPradesh,Tirupati,PadmaPicturePalaceAC4KDolbyAtmosRenigunta,Telugu,22:00,Gold,80₹,110,0
Karnataka,Bengaluru,VenkateshwaraTheatreKonappanaAgraharaECity,Telugu,22:00,FirstClass,150₹,285,201
Karnataka,Bengaluru,VenkateshwaraTheatreKonappanaAgraharaECity,Telugu,22:00,SecondClass,120₹,110,26
AndhraPradesh,VizagVisakhapatnam,Jagadamba4KVizag,Telugu,22:00,1Premium,145₹,276,51
AndhraPradesh,VizagVisakhapatnam,Jagadamba4KVizag,Telugu,22:00,2Premium,145₹,310,2
AndhraPradesh,VizagVisakhapatnam,Jagadamba4KVizag,Telugu,22:00,1NonPremium,100₹,217,27
AndhraPradesh,VizagVisakhapatnam,Jagadamba4KVizag,Telugu,22:00,2NonPremium,100₹,213,1
Telangana,Hyderabad,AsianLakshmikalaCineprideMoosapet,Telugu,22:00,Platinum,150₹,718,163
Telangana,Hyderabad,AsianLakshmikalaCineprideMoosapet,Telugu,22:00,Gold,100₹,70,39
Telangana,Hyderabad,AsianLakshmikalaCineprideMoosapet,Telugu,22:00,Silver,50₹,157,80
AndhraPradesh,Nizamabad,AsianUshaPrasadMultiplexNizamabad,Telugu,22:00,Gold,150₹,357,44
AndhraPradesh,Nizamabad,AsianUshaPrasadMultiplexNizamabad,Telugu,22:00,Silver,112₹,54,3
AndhraPradesh,Vijayawada,MirajCinemasShantiPrashantiVijayawada,Telugu,22:00,Balcony,177₹,64,3
AndhraPradesh,Vijayawada,MirajCinemasShantiPrashantiVijayawada,Telugu,22:00,FirstClass,177₹,419,9
Karnataka,Bengaluru,SriVinayakaDigital4KCinemaMarathalli,Telugu,22:00,DiamondClass,150₹,125,12
Karnataka,Bengaluru,SriVinayakaDigital4KCinemaMarathalli,Telugu,22:00,GoldClass,100₹,120,0
AndhraPradesh,Nellore,SiriMultiplexNellore,Telugu,22:00,Gold,140₹,346,0
AndhraPradesh,Nellore,SiriMultiplexNellore,Telugu,22:00,PlatinumSofas,140₹,346,0
AndhraPradesh,Nellore,SiriMultiplexNellore,Telugu,22:00,Silver,110₹,346,0
TamilNadu,Chennai,AgsCinemasTNagar,Telugu,22:10,Diamond,200₹,197,42
TamilNadu,Chennai,AgsCinemasTNagar,Telugu,22:10,Pearl,63₹,24,24
Karnataka,Bengaluru,SriVinayakaCinemas4KDolby71ACVarthur,Telugu,22:10,Sofa,250₹,15,4
Karnataka,Bengaluru,SriVinayakaCinemas4KDolby71ACVarthur,Telugu,22:10,Box,150₹,31,7
Karnataka,Bengaluru,SriVinayakaCinemas4KDolby71ACVarthur,Telugu,22:10,Gold,130₹,359,67
Karnataka,Bengaluru,SriVinayakaCinemas4KDolby71ACVarthur,Telugu,22:10,Silver,120₹,34,0
AndhraPradesh,Ongole,G2VTheatersRaviPriyaMallOngole,Telugu,22:10,PlatinumRecliner,295₹,10,6
AndhraPradesh,Ongole,G2VTheatersRaviPriyaMallOngole,Telugu,22:10,Gold,177₹,234,61
Telangana,Hyderabad,CinepolisDslVirtueMallUppalHyderabad,Telugu,22:10,Normal,150₹,35,0
Telangana,Hyderabad,CinepolisDslVirtueMallUppalHyderabad,Telugu,22:10,Executive,150₹,160,87
Telangana,Hyderabad,CinepolisDslVirtueMallUppalHyderabad,Telugu,22:10,Vip,250₹,14,14
AndhraPradesh,Tirupati,NvrSandhyaTheater4KDolbyAtmosTirupati,Telugu,22:15,Diamond,125₹,444,20
AndhraPradesh,Tirupati,NvrSandhyaTheater4KDolbyAtmosTirupati,Telugu,22:15,Gold,80₹,133,0
Telangana,Hyderabad,MirajCinemasRaghavendraHyderabad,Telugu,22:15,Executive,150₹,292,19
Telangana,Hyderabad,MirajCinemasRaghavendraHyderabad,Telugu,22:15,Gold,235₹,20,11
Telangana,Hyderabad,MirajCinemasRaghavendraHyderabad,Telugu,22:15,Executivep,150₹,348,0
Telangana,Hyderabad,AsianCineplanetMultiplexKompally,Telugu,22:20,Gold,170₹,359,142
Telangana,Hyderabad,AsianMuktaCinemasA2MjrSquareNarapally,Telugu,22:20,Gold,150₹,370,59
Telangana,Hyderabad,AsianMuktaCinemasA2MjrSquareNarapally,Telugu,22:20,Loungers,150₹,13,6
AndhraPradesh,Karimnagar,AsianMuktaA2SrinivasaTheatreKarimnagar,Telugu,22:20,Premium,195₹,24,6
AndhraPradesh,Karimnagar,AsianMuktaA2SrinivasaTheatreKarimnagar,Telugu,22:20,Gold,150₹,234,37
AndhraPradesh,Karimnagar,AsianMuktaA2SrinivasaTheatreKarimnagar,Telugu,22:20,Silver,112₹,78,0
AndhraPradesh,Nellore,RainCinemaNellore,Telugu,22:20,Premium,150₹,302,33
AndhraPradesh,Nellore,RainCinemaNellore,Telugu,22:20,Popular,112₹,79,0
AndhraPradesh,Vijayawada,InoxLeplIconPatamata,Telugu,22:20,Royal,295₹,21,21
AndhraPradesh,Vijayawada,InoxLeplIconPatamata,Telugu,22:20,Club,177₹,331,64
AndhraPradesh,Vijayawada,CinepolisPvpSquareMallVijayawada,Telugu,22:20,Normal,177₹,224,66
Telangana,Hyderabad,InoxSattvaNecklaceMallKavadiguda,Telugu,22:20,Royal,250₹,16,14
Telangana,Hyderabad,InoxSattvaNecklaceMallKavadiguda,Telugu,22:20,Executive,150₹,294,85
AndhraPradesh,VizagVisakhapatnam,InoxCmrCentralGajuwaka,Telugu,22:20,Royal,295₹,15,14
AndhraPradesh,VizagVisakhapatnam,InoxCmrCentralGajuwaka,Telugu,22:20,Executive,177₹,306,65
Telangana,Hyderabad,AsianRadhikaMultiplexEcil,Telugu,22:25,Gold,180₹,360,128
AndhraPradesh,Tirupati,NvrJaysyamAC4KDolbyAtmosTirupati,Telugu,22:30,Diamond,125₹,430,2
AndhraPradesh,Tirupati,NvrJaysyamAC4KDolbyAtmosTirupati,Telugu,22:30,Gold,80₹,152,0
Telangana,Hyderabad,GprMultiplexNizampetHyderabad,Telugu,22:30,Sofa,250₹,25,18
Telangana,Hyderabad,GprMultiplexNizampetHyderabad,Telugu,22:30,Gold,200₹,658,60
Telangana,Hyderabad,AsianMCubeMallAttapur,Telugu,22:30,Gold,150₹,352,95
Telangana,Hyderabad,AsianCineSquareMultiplexUppal,Telugu,22:30,Sofa,180₹,13,11
Telangana,Hyderabad,AsianCineSquareMultiplexUppal,Telugu,22:30,Gold,150₹,184,63
Telangana,Hyderabad,CinepolisSudhaCinemasHyderabad,Telugu,22:30,Normal,150₹,72,0
Telangana,Hyderabad,CinepolisSudhaCinemasHyderabad,Telugu,22:30,Executive,150₹,133,28
Telangana,Hyderabad,CinepolisCcplMallMalkajgiriHyderabad,Telugu,22:30,Executive,150₹,143,50
Telangana,Hyderabad,MirajCinemasGeetaChandanagar,Telugu,22:30,Gold,250₹,86,19
Telangana,Hyderabad,MirajCinemasGeetaChandanagar,Telugu,22:30,Executive,150₹,349,51
AndhraPradesh,Vizianagaram,InoxNcsMallVizianagaram,Telugu,22:30,Exclusive,177₹,318,42
AndhraPradesh,VizagVisakhapatnam,InoxVarunBeachBeachRoad,Telugu,22:30,Royal,295₹,18,18
AndhraPradesh,VizagVisakhapatnam,InoxVarunBeachBeachRoad,Telugu,22:30,Excutive,177₹,245,56
AndhraPradesh,VizagVisakhapatnam,InoxVizagChitralayaMall,Telugu,22:30,Royale,295₹,15,13
AndhraPradesh,VizagVisakhapatnam,InoxVizagChitralayaMall,Telugu,22:30,Executive,177₹,320,49
AndhraPradesh,Nizamabad,PvrVenuMallNizamabad,Telugu,22:30,Classic,150₹,354,46
AndhraPradesh,Nizamabad,PvrVenuMallNizamabad,Telugu,22:30,Recliner,250₹,16,12
Telangana,Hyderabad,AmbCinemasGachibowli,Telugu,22:35,Platinum,350₹,14,14
Telangana,Hyderabad,AmbCinemasGachibowli,Telugu,22:35,Gold,295₹,403,224
Telangana,Hyderabad,AmbCinemasGachibowli,Telugu,22:35,Loungers,295₹,19,12
Telangana,Hyderabad,PvrInorbitCyberabad,Telugu,22:40,Classic,150₹,161,106
Telangana,Hyderabad,PvrRkCineplexHyderabad,Telugu,22:40,Classic,150₹,429,57
Telangana,Hyderabad,PvrRkCineplexHyderabad,Telugu,22:40,Recliner,250₹,52,27
Telangana,Hyderabad,InoxGsmMallHyderabad,Telugu,22:40,Royal,250₹,17,14
Telangana,Hyderabad,InoxGsmMallHyderabad,Telugu,22:40,Executive,150₹,386,90
AndhraPradesh,Narsipatnam,PvrSreeKanyaNarsipatnam,Telugu,22:40,Classic,60₹,45,14
AndhraPradesh,Narsipatnam,PvrSreeKanyaNarsipatnam,Telugu,22:40,ClassicPlus,150₹,354,28
AndhraPradesh,Warangal,AsianSrideviMultiplexHanumakonda,Telugu,22:40,Gold,180₹,308,78
AndhraPradesh,Warangal,AsianSrideviMultiplexHanumakonda,Telugu,22:40,Silver,150₹,30,4
AndhraPradesh,VizagVisakhapatnam,InoxCmrCentralMaddilapalem,Telugu,22:40,Executive,177₹,338,71
Telangana,Hyderabad,PvrMusarambaghHyderabad,Telugu,22:40,Classic,150₹,188,103
Telangana,Hyderabad,PvrMusarambaghHyderabad,Telugu,22:40,Recliner,250₹,8,8
Telangana,Hyderabad,MovietimeCinemasAmeerpetFormerlyCarnival,Telugu,22:40,SilverClass,150₹,372,34
Telangana,Hyderabad,MirajCinemasA2ACentralMallBalanagar,Telugu,22:40,Executive,150₹,338,65
Telangana,Hyderabad,MirajCinemasA2ACentralMallBalanagar,Telugu,22:40,Gold,250₹,25,25
Telangana,Hyderabad,BvkMultiplexVijayalakshmiLbNagar,Telugu,22:40,BoxA,250₹,24,13
Telangana,Hyderabad,BvkMultiplexVijayalakshmiLbNagar,Telugu,22:40,BoxB,250₹,24,8
Telangana,Hyderabad,BvkMultiplexVijayalakshmiLbNagar,Telugu,22:40,Balcony,200₹,596,80
Telangana,Hyderabad,PrasadsHyderabad,Telugu,22:45,Executive,250₹,390,61
Telangana,Hyderabad,PvrAtriumGachibowliHyderabad,Telugu,22:50,Classic,150₹,276,141
Telangana,Hyderabad,PvrAtriumGachibowliHyderabad,Telugu,22:50,Recliner,250₹,16,15
AndhraPradesh,Guntur,PvrTheCinemaGuntur,Telugu,22:50,Premium,295₹,10,8
AndhraPradesh,Guntur,PvrTheCinemaGuntur,Telugu,22:50,Deluxe,177₹,170,61
Telangana,Hyderabad,TivoliCinemasSecunderabad,Telugu,22:50,GoldUpper,180₹,383,71
Telangana,Hyderabad,TivoliCinemasSecunderabad,Telugu,22:50,GoldLower,180₹,376,0
Telangana,Hyderabad,PvrCentralMallPanjagutta,Telugu,22:50,Classic,150₹,416,66
Telangana,Hyderabad,InoxGvkOneBanjaraHills,Telugu,22:50,Royal,250₹,14,13
Telangana,Hyderabad,InoxGvkOneBanjaraHills,Telugu,22:50,Executive,195₹,257,58
Telangana,Hyderabad,PvrIconHitechMadhapurHyderabad,Telugu,22:50,Classic,150₹,289,141
Telangana,Hyderabad,PvrIconHitechMadhapurHyderabad,Telugu,22:50,Recliner,250₹,13,13
AndhraPradesh,Vijayawada,InoxUrvasiComplexGandhiNagar,Telugu,22:50,Club,177₹,570,51
Telangana,Hyderabad,PvrIrrumManzilHyderabad,Telugu,22:50,Classic,150₹,264,12
Telangana,Hyderabad,PvrIrrumManzilHyderabad,Telugu,22:50,Recliner,250₹,18,18
Telangana,Hyderabad,CinepolisMantraMallAttapur,Telugu,22:50,Normal,150₹,213,43
Telangana,Hyderabad,CinepolisMantraMallAttapur,Telugu,22:50,Vip,250₹,12,10
Telangana,Hyderabad,MirajCinemasCineTownMiyapur,Telugu,23:00,Executive,150₹,408,40
Telangana,Hyderabad,MirajCinemasCineTownMiyapur,Telugu,23:00,Gold,235₹,22,7
Telangana,Hyderabad,MirajCinemasCineTownMiyapur,Telugu,23:00,Executivep,150₹,272,0
Telangana,Hyderabad,PvrNexusMallKukatpallyHyderabad,Telugu,23:00,Classic,150₹,278,207
Telangana,Hyderabad,PvrNexusMallKukatpallyHyderabad,Telugu,23:00,Recliner,250₹,13,13
AndhraPradesh,Vijayawada,CinepolisPowerOneMallVijayawada,Telugu,23:00,Normal,147₹,36,2
AndhraPradesh,Vijayawada,CinepolisPowerOneMallVijayawada,Telugu,23:00,Executive,147₹,75,2
AndhraPradesh,Vijayawada,CinepolisPowerOneMallVijayawada,Telugu,23:00,Premium,147₹,182,26
AndhraPradesh,Vijayawada,PvrRipplesVijaywada,Telugu,23:00,Classic,177₹,226,12
AndhraPradesh,Vijayawada,PvrRipplesVijaywada,Telugu,23:00,Recliner,295₹,14,10
Telangana,Hyderabad,PvrPrestonPrimeGachibowliHyderabad,Telugu,23:00,Classic,150₹,256,132
Telangana,Hyderabad,PvrNextGalleriaMallPanjagutta,Telugu,23:00,Classic,150₹,209,95
Telangana,Hyderabad,PvrNextGalleriaMallPanjagutta,Telugu,23:00,Recliner,250₹,11,11
Telangana,Hyderabad,PvrMallapurHyderabad,Telugu,23:00,Classic,150₹,196,44
AndhraPradesh,Nizamabad,PvrVenuMallNizamabad,Telugu,23:00,Classic,150₹,362,26
AndhraPradesh,Nizamabad,PvrVenuMallNizamabad,Telugu,23:00,Recliner,250₹,13,0
AndhraPradesh,Warangal,PvrMaddoxWarangal,Telugu,23:00,Classic,150₹,347,58
AndhraPradesh,VizagVisakhapatnam,CinepolisSreekanyaCineglitzMadhurawada,Telugu,23:00,Normal,177₹,35,0
AndhraPradesh,VizagVisakhapatnam,CinepolisSreekanyaCineglitzMadhurawada,Telugu,23:00,Executive,177₹,187,13
Telangana,Hyderabad,PlatinumMovietimeGachibowli,Telugu,23:05,PlatinumPremiumRecliner,350₹,16,15
Telangana,Hyderabad,PlatinumMovietimeGachibowli,Telugu,23:05,PlatinumRecliners,350₹,32,27