State,City,Name,Language,Time(IST),Type,Price,Capacity,Booked
Kerala,Alappuzha,PanCinemasAlappuzha,Malayalam,09:20,Platinum,230₹,34,0
Kerala,Alappuzha,PanCinemasAlappuzha,Malayalam,09:20,Gold,130₹,138,0
Kerala,Kochi,CinepolisCentreSquareMallKochi,Malayalam,09:30,Normal,140₹,33,1
Kerala,Kochi,CinepolisCentreSquareMallKochi,Malayalam,09:30,Executive,170₹,68,0
Kerala,Kochi,CinepolisCentreSquareMallKochi,Malayalam,09:30,Premium,200₹,186,34
Kerala,Kochi,PvrLuluKochi,Malayalam,09:30,Classic,140₹,69,1
Kerala,Kochi,PvrLuluKochi,Malayalam,09:30,ClassicPlus,160₹,138,0
Kerala,Kochi,PvrLuluKochi,Malayalam,09:30,Prime,190₹,108,5
Kerala,Kochi,PvrLuluKochi,Malayalam,09:30,Recliner,350₹,10,3
Kerala,Trivandrum,SindhuCinemasVenjarammoodu,Malayalam,09:30,Gold,110₹,222,0
,Kalady,JmMoviesJoshMallMookkannoor,Malayalam,10:00,Gold,130₹,126,0
,Kalady,JmMoviesJoshMallMookkannoor,Malayalam,10:00,Diamond,160₹,53,0
Kerala,Ulikkal,SjGCinemasUlikkal,Malayalam,10:00,Standard,130₹,140,15
Kerala,Kozhikode,SurabhiCinemasKozhikode,Malayalam,10:00,BluePearl,180₹,158,0
Karnataka,Bengaluru,GalaxyParadiseMiniplexBegurRoad,Malayalam,10:00,Gold,150₹,120,23
Kerala,Kozhikode,EMaxCinemasDolbyAtmosRgbLaserCalicut,Malayalam,10:00,Audi3,160₹,151,1
Kerala,Trivandrum,CarnivalMallOfTravancoreTrivandrum,Malayalam,10:00,Silver,210₹,97,10
Kerala,Trivandrum,CarnivalMallOfTravancoreTrivandrum,Malayalam,10:00,ExecutiveOffline,180₹,193,0
Kerala,Trivandrum,CarnivalMallOfTravancoreTrivandrum,Malayalam,10:00,NormalOffline,100₹,17,0
Maharashtra,Mumbai,CarnivalImaxWadala,Malayalam,10:00,PlatinumOffline,110₹,220,28
Maharashtra,Mumbai,CarnivalImaxWadala,Malayalam,10:00,GoldOffline,110₹,84,0
Maharashtra,Mumbai,CarnivalImaxWadala,Malayalam,10:00,PremiumOffline,140₹,53,15
Kerala,Alakode,AlakodeFilmCity4KDolbyAtmos,Malayalam,10:00,Nakshatra,129₹,212,0
Kerala,Kochi,KCinemas4KDolbyAtmosTripplebeam3DCherai,Malayalam,10:00,Platinum,220₹,17,0
Kerala,Kochi,KCinemas4KDolbyAtmosTripplebeam3DCherai,Malayalam,10:00,Gold,140₹,195,0
Kerala,Irinjalakuda,ChembakasseryCinemasIrinjalakuda,Malayalam,10:00,RoyalCircle,129₹,270,6
Kerala,Kollam,CarnivalKollamRpMall,Malayalam,10:15,PremiumOffline,150₹,96,34
Kerala,Kozhikode,RegalCinemaKozhikode,Malayalam,10:15,FirstClassSc3,200₹,158,8
Kerala,Thalayolaparambu,CarnivalThalayolaparambu,Malayalam,10:15,Platinum,140₹,84,0
Kerala,Thalayolaparambu,CarnivalThalayolaparambu,Malayalam,10:15,Gold,110₹,402,2
Kerala,Thalayolaparambu,CarnivalThalayolaparambu,Malayalam,10:15,Executive,80₹,88,0
Kerala,Thalassery,CarnivalDowntownThalassery,Malayalam,10:15,ExecutiveOffline,140₹,131,13
Kerala,Ottapalam,LakshmiPicturePalace,Malayalam,10:30,Balcony,160₹,78,4
Kerala,Ottapalam,LakshmiPicturePalace,Malayalam,10:30,FirstClass,130₹,174,0
Karnataka,Bengaluru,SangeetTheatreShivajiNagar,Malayalam,10:30,BalconyClass,120₹,154,1
Kerala,Vadakara,AshokCncAC4K3DDolbyVadakaraCalicut,Malayalam,10:30,Platinum,130₹,431,2
Kerala,Changanassery,AnuTheatreChanganassery,Malayalam,10:30,Platinum,140₹,90,9
Kerala,Changanassery,AnuTheatreChanganassery,Malayalam,10:30,Gold,110₹,200,7
Kerala,Kanhangad,VgmMultiplexTheatreAC2K71Dolby,Malayalam,10:30,VgmGreen,180₹,160,27
Kerala,Kottayam,AshaTheatreKottayam,Malayalam,10:30,Gold,130₹,187,20
Kerala,Kottayam,AshaTheatreKottayam,Malayalam,10:30,Silver,110₹,33,0
Kerala,Kozhikode,AashirvadCineplexxKozhikode,Malayalam,10:30,Recliner,380₹,10,0
Kerala,Kozhikode,AashirvadCineplexxKozhikode,Malayalam,10:30,Platinum,220₹,10,0
Kerala,Kozhikode,AashirvadCineplexxKozhikode,Malayalam,10:30,Gold,200₹,10,0
Kerala,Kochi,DharsanaCinemaComplexPiravom,Malayalam,10:30,Platinum,180₹,45,0
Kerala,Kochi,DharsanaCinemaComplexPiravom,Malayalam,10:30,Gold,150₹,154,10
Kerala,Kochi,DharsanaCinemaComplexPiravom,Malayalam,10:30,Silver,80₹,22,0
Kerala,Trivandrum,AriesplexSlCinemas,Malayalam,10:30,Gold,250₹,11,1
Kerala,Trivandrum,AriesplexSlCinemas,Malayalam,10:30,Executive,150₹,142,15
Kerala,Trivandrum,AriesplexSlCinemas,Malayalam,10:30,Economy,100₹,16,0
Kerala,Kuthuparamba,BabyCinemasKuthuparamba,Malayalam,10:30,Standard,110₹,216,16
Karnataka,MangaluruMangalore,BharathCinemasMangalore,Malayalam,10:30,Gold,200₹,43,7
Karnataka,MangaluruMangalore,BharathCinemasMangalore,Malayalam,10:30,Silver,180₹,20,0
Karnataka,MangaluruMangalore,BharathCinemasMangalore,Malayalam,10:30,Special,150₹,7,0
Kerala,Parappanangadi,JayaKeralaTheatreParappanangadi,Malayalam,10:30,Standard,80₹,546,4
Kerala,Parappanangadi,JayaKeralaTheatreParappanangadi,Malayalam,10:30,Executive,80₹,137,0
Kerala,Peravoor,AuraCinemasPeravoor,Malayalam,10:30,Screen2,130₹,145,0
Kerala,Trivandrum,CarnivalArtechCentralMallTrivandrum,Malayalam,10:30,SilverOffline,180₹,147,2
Kerala,Trivandrum,CarnivalArtechCentralMallTrivandrum,Malayalam,10:30,ExecutiveOffline,100₹,26,0
Kerala,Karunagapally,CarnivalHJComplex,Malayalam,10:30,ClassicOffline,150₹,194,24
Kerala,Kasaragod,KaveriCinemasACDtsDolbyKarmamthody,Malayalam,10:30,Standard,110₹,145,7
Kerala,Muvattupuzha,CarnivalGrandCentreMallMuvattupuzha,Malayalam,10:30,ExecutiveOffline,130₹,155,1
Kerala,Kasaragod,MoviemaxCircleKasaragod,Malayalam,10:30,Max1,129₹,443,0
Kerala,Kuravilangad,BoscoCinemasKuravilangad,Malayalam,10:30,Economy,100₹,14,0
Kerala,Kuravilangad,BoscoCinemasKuravilangad,Malayalam,10:30,Executive,150₹,112,2
Kerala,Kuravilangad,BoscoCinemasKuravilangad,Malayalam,10:30,Platinum,300₹,10,0
Kerala,Haripad,MLalCineplexxAashirvadHaripad,Malayalam,10:45,Recliner,345₹,10,0
Kerala,Haripad,MLalCineplexxAashirvadHaripad,Malayalam,10:45,Platinum,165₹,10,0
Kerala,Haripad,MLalCineplexxAashirvadHaripad,Malayalam,10:45,Gold,145₹,10,0
Kerala,Haripad,MLalCineplexxAashirvadHaripad,Malayalam,10:45,Silver,90₹,10,0
Kerala,Karunagapally,TharangamTheaterKarunagappally,Malayalam,10:45,BalconyClass,100₹,144,0
Kerala,Trivandrum,CarnivalGreenfieldTrivandrum,Malayalam,10:50,ExecutiveOffline,140₹,132,10
Kerala,Alathur,SnehaCinemaACAlathur,Malayalam,11:00,Platinum,120₹,100,40
Kerala,Pathanamthitta,UpasanaTheatreRanni,Malayalam,11:00,GoldClass,110₹,240,2
Kerala,Pathanamthitta,TrinityMovieMaxPathanamthitta,Malayalam,11:00,Balcony,150₹,150,19
Kerala,Pathanamthitta,TrinityMovieMaxPathanamthitta,Malayalam,11:00,Special,130₹,100,11
Kerala,Thrissur,RagamTheatre4KDolbyAtmosThrissur,Malayalam,11:00,Balcony,125₹,197,79
Kerala,Thrissur,RagamTheatre4KDolbyAtmosThrissur,Malayalam,11:00,FirstClass,100₹,550,120
Kerala,Palakkad,KairaliSreeTheatreChittur,Malayalam,11:00,Platinum,105₹,123,0
Kerala,Kayamkulam,SvCinemasKayamkulam,Malayalam,11:00,Standard,150₹,108,8
Kerala,Trivandrum,SrCinemaVarkkala,Malayalam,11:00,Balcony,170₹,96,6
Kerala,Trivandrum,SrCinemaVarkkala,Malayalam,11:00,FamilyLounge,270₹,20,0
Kerala,Trivandrum,SrCinemaVarkkala,Malayalam,11:00,Gold,140₹,273,7
Kerala,Trivandrum,SuryaMultiplex4KDolbyAtmosNedumangad,Malayalam,11:00,Platinum,250₹,28,0
Kerala,Trivandrum,SuryaMultiplex4KDolbyAtmosNedumangad,Malayalam,11:00,Gold,130₹,248,0
Kerala,Kollam,GmaxCinemasKollam,Malayalam,11:00,Blue,160₹,170,26
Kerala,Kanichar,DevCinemasKanichar,Malayalam,11:00,Screen2,130₹,189,0
Kerala,Trivandrum,JbCinemasThapasyaAttingal,Malayalam,11:00,Balcony,150₹,188,20
Kerala,Trivandrum,JbCinemasThapasyaAttingal,Malayalam,11:00,Circle,130₹,451,1
Kerala,Kollam,JbCinemas4K3DNallila,Malayalam,11:00,Blue,129₹,242,0
Kerala,Trivandrum,SreePadmanabhaTheatre4KEastFort,Malayalam,11:00,Balcony,150₹,259,28
Kerala,Trivandrum,SreePadmanabhaTheatre4KEastFort,Malayalam,11:00,FirstCircle,140₹,213,0
Kerala,Adimali,EvmMathaCinemaAdimali,Malayalam,11:00,Screen2,150₹,122,1
Kerala,Palakkad,KrvMoviesKottayi,Malayalam,11:00,FirstClass,100₹,221,0
Kerala,Cherpulassery,DeviMoviesRrCinemasCherpulassery,Malayalam,11:00,GoldenCircle,125₹,400,13
Kerala,Chengannur,CCinemasChengannur,Malayalam,11:00,Chimmy,150₹,135,19
Kerala,SulthanBathery,MintCinemasAC2K3DSulthanBathery,Malayalam,11:00,Standard,110₹,126,16
Kerala,Kollam,LmCinemas4K3DDolby71Chathannoor,Malayalam,11:00,Audi2,170₹,101,2
Kerala,Anchal,ArchanaCinemasAcDolbyAtmosAnchalKerala,Malayalam,11:00,Classic,130₹,433,20
Kerala,Mundakayam,RdCinemasMundakayam,Malayalam,11:00,Gold,315₹,30,0
Kerala,Mundakayam,RdCinemasMundakayam,Malayalam,11:00,Executive,150₹,267,2
Kerala,Mundakayam,RdCinemasMundakayam,Malayalam,11:00,Economy,100₹,19,0
Kerala,Kochi,EvmCinemaAC2K3DDolby71Perumbavoor,Malayalam,11:00,Executive1,155₹,23,1
Kerala,Kochi,EvmCinemaAC2K3DDolby71Perumbavoor,Malayalam,11:00,Executive2,155₹,17,0
Kerala,Kochi,EvmCinemaAC2K3DDolby71Perumbavoor,Malayalam,11:00,Deluxe,129₹,505,8
Kerala,Punalur,RamrajMovies,Malayalam,11:00,Gold,130₹,221,9
Kerala,Thrissur,SreelakshmiCinemaAmballur4K2KLaserProjection,Malayalam,11:00,Gold,150₹,145,11
Kerala,Mavelikkara,PrathibhaTheatreMavelikara,Malayalam,11:00,Balcony,120₹,200,0
Kerala,Pattambi,KrishnaCineplexAC2K3DDolbyAtmosPattambi,Malayalam,11:00,StarCircle,110₹,123,9
Kerala,Punalur,CarnivalDMallPunalur,Malayalam,11:05,Silver,130₹,147,21
Kerala,Punalur,CarnivalDMallPunalur,Malayalam,11:05,Gold,200₹,11,0
Kerala,Muvattupuzha,ChembakasseryCinemaMuvattupuzha,Malayalam,11:15,Gold,129₹,260,4
Kerala,Changaramkulam,MarsCinemas4KDolbyAtmosChangaramkulam,Malayalam,11:15,Executive,250₹,18,0
Kerala,Changaramkulam,MarsCinemas4KDolbyAtmosChangaramkulam,Malayalam,11:15,Platinum,150₹,176,0
Kerala,Trivandrum,KairaliSreeNilaRgbLaser4KDolbyAtmos,Malayalam,11:15,Platinum,125₹,317,13
Kerala,Tirur,KhayyamTheatreTirur,Malayalam,11:15,Balcony,100₹,74,0
Kerala,Tirur,KhayyamTheatreTirur,Malayalam,11:15,FirstClass,90₹,74,0
Kerala,Mannarkkad,MilanCinemasMannarkkad,Malayalam,11:15,Premium,110₹,254,15
Kerala,Vadakkencherry,JayabharathTheatreVadakkencherry,Malayalam,11:15,Screen1,100₹,84,0
Kerala,Alappuzha,PankajTheatreAlappy,Malayalam,11:20,Balcony,150₹,293,0
Kerala,Alappuzha,PankajTheatreAlappy,Malayalam,11:20,FirstClass,129₹,180,1
Kerala,Alappuzha,EvmGrandCinemaCherthala,Malayalam,11:30,Platinum,160₹,52,0
Kerala,Alappuzha,EvmGrandCinemaCherthala,Malayalam,11:30,Gold,129₹,308,60
Kerala,Kattappana,SagaraTheatre4KAtmosKattappana,Malayalam,11:30,Platinum,190₹,38,7
Kerala,Kattappana,SagaraTheatre4KAtmosKattappana,Malayalam,11:30,Gold,130₹,375,11
Kerala,Mananthavady,VarnaTheatreMananthavady,Malayalam,11:30,Diamond,120₹,224,9
Kerala,Alappuzha,SaniaCinemasEramalloor,Malayalam,11:30,GoldClass,130₹,197,128
Kerala,Mukkam,PeeCeeTheatreMukkam,Malayalam,11:30,FirstClass,110₹,116,0
Kerala,Thrissur,DevaCinemas4KDolbyAtmosPeringottukara,Malayalam,11:30,Dimond,150₹,126,3
Kerala,Thrissur,DevaCinemas4KDolbyAtmosPeringottukara,Malayalam,11:30,Gold,130₹,235,13
Kerala,Kollam,UshaACCinemaKollam,Malayalam,11:30,Thrimurthi,140₹,492,294
Kerala,Alappuzha,ParadiseCinemaCherthala,Malayalam,11:30,Gold,130₹,204,20
Kerala,Pala,MaharaniAndYuvaraniTheatersAC2K3D71Dolby,Malayalam,11:30,Balcony,129₹,206,15
Kerala,Pala,MaharaniAndYuvaraniTheatersAC2K3D71Dolby,Malayalam,11:30,FamilyBox,140₹,87,3
Kerala,Pala,MaharaniAndYuvaraniTheatersAC2K3D71Dolby,Malayalam,11:30,FirstClass,100₹,723,113
Kerala,Thodupuzha,SilverHillsCinemasThodupuzha,Malayalam,11:30,Silver,150₹,80,1
Kerala,Kollam,ParthaMovieHouses4KAtmos,Malayalam,11:30,Diamond,150₹,194,20
Kerala,Alappuzha,AecCinemasAlappuzha,Malayalam,11:30,Platinum,200₹,15,0
Kerala,Alappuzha,AecCinemasAlappuzha,Malayalam,11:30,Gold,150₹,98,0
Kerala,Pathanapuram,SeemaCineplexPathanapuram,Malayalam,11:30,Audi3,140₹,136,17
Kerala,Erattupetta,RajansMetro4KLaserDolby71Erattupetta,Malayalam,11:30,FamilyBox,120₹,17,0
Kerala,Erattupetta,RajansMetro4KLaserDolby71Erattupetta,Malayalam,11:30,Balcony,110₹,70,0
Kerala,Erattupetta,RajansMetro4KLaserDolby71Erattupetta,Malayalam,11:30,FirstClass,90₹,251,63
Kerala,Trivandrum,NewTheatre4KRgbLaserDolbyAtmosTrivandrum,Malayalam,11:30,Elite,150₹,200,29
Kerala,Thrissur,ShadowCinemasPazhayannur,Malayalam,11:30,Platinum,180₹,16,4
Kerala,Thrissur,ShadowCinemasPazhayannur,Malayalam,11:30,Gold,129₹,192,17
Kerala,Kochi,ShenoysKochi,Malayalam,11:30,Lounge,330₹,26,1
Kerala,Kochi,ShenoysKochi,Malayalam,11:30,Diamond,220₹,88,9
Kerala,Wadakkancherry,ThalamTheatreWadakkanchery,Malayalam,11:45,Luxury,129₹,114,22
Kerala,Kodaly,ChembakasserySreeLakshmiKodaly,Malayalam,12:00,Platinum,129₹,291,1
Kerala,Kodungallur,SreekaleeswaryCinemasDolbyAtmosKodungallur,Malayalam,12:00,Gold,130₹,268,38
Kerala,Kumily,EvmCinemasKumily,Malayalam,12:00,RoyalCircle,129₹,330,0
Kerala,Thrissur,RamdasMovieHouseThrissur,Malayalam,12:00,DiamondCircle,125₹,51,10
Kerala,Thrissur,RamdasMovieHouseThrissur,Malayalam,12:00,PearlCircle,100₹,288,45
Kerala,Thrissur,JkCinemas4KDolbyAtmosThriprayar,Malayalam,12:00,Luxury,220₹,15,0
Kerala,Thrissur,JkCinemas4KDolbyAtmosThriprayar,Malayalam,12:00,Diamond,150₹,90,12
Kerala,Thrissur,JkCinemas4KDolbyAtmosThriprayar,Malayalam,12:00,Gold,130₹,90,10
Kerala,Kochi,SangeetaCinemaKochi,Malayalam,12:00,BlueCircle,150₹,187,45
Kerala,Thrissur,BrahmakulamTheatre2KDolby71Kanjany,Malayalam,12:00,Balcony,140₹,66,6
Kerala,Thrissur,BrahmakulamTheatre2KDolby71Kanjany,Malayalam,12:00,LuxuryCircle,120₹,395,16
Kerala,Kochi,VanithaVeneethaCineplexRgbLaser4K3DEdappally,Malayalam,12:00,Screen1,160₹,210,10
Kerala,Kochi,VanithaVeneethaCineplexRgbLaser4K3DEdappally,Malayalam,12:00,Screen1Sofa,220₹,32,5
Kerala,Trivandrum,SindhuCinemasVenjarammoodu,Malayalam,12:00,Gold,110₹,222,33
Kerala,Thrissur,FunMoviesThrissur,Malayalam,12:00,Royal,180₹,20,1
Kerala,Thrissur,FunMoviesThrissur,Malayalam,12:00,Premium,150₹,96,6
Kerala,Thrissur,FunMoviesThrissur,Malayalam,12:00,Club,130₹,118,11
Kerala,Thrissur,FunMoviesThrissur,Malayalam,12:00,Executive,130₹,40,0
Kerala,Kochi,CinepolisCentreSquareMallKochi,Malayalam,12:10,Normal,140₹,29,0
Kerala,Kochi,CinepolisCentreSquareMallKochi,Malayalam,12:10,Executive,170₹,42,5
Kerala,Kochi,CinepolisCentreSquareMallKochi,Malayalam,12:10,Premium,200₹,98,28
Kerala,Thamarassery,CityMallCinemasThamarassery,Malayalam,12:10,Platinum,260₹,8,5
Kerala,Thamarassery,CityMallCinemasThamarassery,Malayalam,12:10,Gold,160₹,102,6
Kerala,Kochi,PanCinemasNucleusMall,Malayalam,12:15,Platinum,230₹,21,5
Kerala,Kochi,PanCinemasNucleusMall,Malayalam,12:15,Gold,170₹,152,7
Kerala,Kochi,KavithaTheatre4K3DDolby71Ernakulam,Malayalam,12:15,GoldCircle,150₹,306,21
Kerala,Kochi,KavithaTheatre4K3DDolby71Ernakulam,Malayalam,12:15,SilverCircle,129₹,770,11
Kerala,Kochi,KavithaTheatre4K3DDolby71Ernakulam,Malayalam,12:15,Sofa,250₹,23,0
Kerala,Kochi,PanCinemasArakkunnamMulanthuruthy,Malayalam,12:15,Platinum,230₹,20,0
Kerala,Kochi,PanCinemasArakkunnamMulanthuruthy,Malayalam,12:15,Gold,140₹,152,6
Kerala,Kodungallur,CarnivalMughalMall,Malayalam,12:20,ExecutiveOffline,140₹,172,6
Kerala,Kodungallur,CarnivalMughalMall,Malayalam,12:20,Vip,250₹,10,0
Kerala,Kochi,PvrLuluKochi,Malayalam,12:25,Classic,140₹,54,5
Kerala,Kochi,PvrLuluKochi,Malayalam,12:25,ClassicPlus,180₹,108,20
Kerala,Kochi,PvrLuluKochi,Malayalam,12:25,Prime,200₹,125,24
Kerala,Kochi,PvrLuluKochi,Malayalam,12:25,Recliner,350₹,14,7
Kerala,Irinjalakuda,MasMoviesIrinjalakuda,Malayalam,12:30,Silver,130₹,207,10
Kerala,Kochi,CasinoTalkiesAC2K3DDolbySurround71Aluva,Malayalam,12:30,Daimond,150₹,442,8
Kerala,Angamaly,CarnivalKsrtComplex,Malayalam,12:40,Platinum,160₹,110,9
Kerala,Angamaly,CarnivalKsrtComplex,Malayalam,12:40,GoldOffline,150₹,188,6
Maharashtra,Pune,InoxElproCitySquareChinchwad,Malayalam,12:45,Royale,210₹,79,27
Maharashtra,Pune,InoxElproCitySquareChinchwad,Malayalam,12:45,Club,190₹,85,1
Maharashtra,Pune,InoxElproCitySquareChinchwad,Malayalam,12:45,Executive,170₹,34,0
Kerala,Ulikkal,SjGCinemasUlikkal,Malayalam,12:45,Standard,130₹,140,18
Kerala,Alakode,AlakodeFilmCity4KDolbyAtmos,Malayalam,12:45,Nakshatra,129₹,212,45
Kerala,Irinjalakuda,ChembakasseryCinemasIrinjalakuda,Malayalam,12:45,RoyalCircle,129₹,270,23
Kerala,Kochi,PvrOberonMallKochi,Malayalam,12:55,Classic,160₹,53,1
Kerala,Kochi,PvrOberonMallKochi,Malayalam,12:55,ClassicPlus,190₹,115,30
Kerala,Kochi,PvrOberonMallKochi,Malayalam,12:55,Recliner,340₹,14,3
Kerala,Angamaly,JmMoviesJoshMallMookkannoorAngamaly,Malayalam,13:00,Gold,130₹,126,2
Kerala,Angamaly,JmMoviesJoshMallMookkannoorAngamaly,Malayalam,13:00,Diamond,160₹,53,5
Kerala,Pandalam,ThrilokCinemasPandalam,Malayalam,13:00,ExecutiveClass,160₹,33,0
Kerala,Pandalam,ThrilokCinemasPandalam,Malayalam,13:00,ExecutiveClass1,150₹,33,0
Kerala,Kochi,CarnivalCinemasRedCarpetKariyad,Malayalam,13:00,GoldLounge,270₹,32,6
Kerala,Kochi,CarnivalCinemasRedCarpetKariyad,Malayalam,13:00,ExecutiveOffline,140₹,96,5
Kerala,Shoranur,AnuragCinemaShoranur,Malayalam,13:00,Screen2,110₹,113,0
Kerala,Trivandrum,CarnivalMallOfTravancoreTrivandrum,Malayalam,13:00,Silver,210₹,97,36
Kerala,Trivandrum,CarnivalMallOfTravancoreTrivandrum,Malayalam,13:00,ExecutiveOffline,180₹,193,24
Kerala,Trivandrum,CarnivalMallOfTravancoreTrivandrum,Malayalam,13:00,NormalOffline,100₹,17,0
Karnataka,MangaluruMangalore,CinepolisCityCentreMallMangaluru,Malayalam,13:05,Normal,160₹,28,1
Karnataka,MangaluruMangalore,CinepolisCityCentreMallMangaluru,Malayalam,13:05,Executive,180₹,133,12
Karnataka,MangaluruMangalore,CinepolisCityCentreMallMangaluru,Malayalam,13:05,Premium,200₹,58,7
Haryana,NationalCapitalRegionNcr,PvrLogixNoida,Malayalam,13:10,Classic,350₹,89,13
Kerala,Kochi,NewCentralTalkiesDolbyAtmos2KAnd3DThripun,Malayalam,13:15,Platinum,220₹,11,1
Kerala,Kochi,NewCentralTalkiesDolbyAtmos2KAnd3DThripun,Malayalam,13:15,Gold,160₹,129,17
Kerala,Kochi,MCinemas4K3DDolbyAtmosVarapuzha,Malayalam,13:15,Audi2,129₹,182,0
Kerala,Kuthuparamba,BabyCinemasKuthuparamba,Malayalam,13:20,Standard,110₹,216,29
Kerala,Thrissur,InoxSobhaCityMall,Malayalam,13:20,RoyalRecliner,350₹,15,3
Kerala,Thrissur,InoxSobhaCityMall,Malayalam,13:20,Club,190₹,221,17
Kerala,Thrissur,InoxSobhaCityMall,Malayalam,13:20,Royal,190₹,44,37
Kerala,Thrissur,InoxSobhaCityMall,Malayalam,13:20,Executive,130₹,36,2
Kerala,Kochi,ShafazGrand4KTheatreNorthParavur,Malayalam,13:30,PremiumSofa,220₹,21,0
Kerala,Kochi,ShafazGrand4KTheatreNorthParavur,Malayalam,13:30,PearlCircle,120₹,314,26
Kerala,Kochi,AashirvadCineplexxPerumbavoor,Malayalam,13:30,Platinum,155₹,10,0
Kerala,Kochi,AashirvadCineplexxPerumbavoor,Malayalam,13:30,Gold,129₹,10,0
Kerala,Shoranur,MLalAashirvadCineplexxShoranur,Malayalam,13:30,Sofa,200₹,10,0
Kerala,Shoranur,MLalAashirvadCineplexxShoranur,Malayalam,13:30,Platinum,129₹,10,0
Kerala,Mattannur,SahinaCinemasDolbyAtmos2K3DMattannur,Malayalam,13:30,Audi2,130₹,144,13
Kerala,Vadakara,AshokCncAC4K3DDolbyVadakaraCalicut,Malayalam,13:30,Platinum,130₹,431,21
Kerala,Kasaragod,MagicFramesMehboobTheatreComplexKasaragod,Malayalam,13:30,Executive,129₹,222,11
Kerala,Kozhikode,AashirvadCineplexxKozhikode,Malayalam,13:30,Recliner,380₹,10,0
Kerala,Kozhikode,AashirvadCineplexxKozhikode,Malayalam,13:30,Platinum,220₹,10,0
Kerala,Kozhikode,AashirvadCineplexxKozhikode,Malayalam,13:30,Gold,200₹,10,0
Kerala,Thodupuzha,AashirvadCineplexxThodupuzha,Malayalam,13:30,Gold,190₹,10,0
Kerala,Thodupuzha,AashirvadCineplexxThodupuzha,Malayalam,13:30,Silver,155₹,10,0
Kerala,Trivandrum,AriesplexSlCinemas,Malayalam,13:30,Gold,250₹,11,5
Kerala,Trivandrum,AriesplexSlCinemas,Malayalam,13:30,Executive,150₹,142,20
Kerala,Trivandrum,AriesplexSlCinemas,Malayalam,13:30,Economy,100₹,16,0
Kerala,Thodupuzha,GmaxCinemasThodupuzha,Malayalam,13:30,Box,180₹,4,4
Kerala,Thodupuzha,GmaxCinemasThodupuzha,Malayalam,13:30,Red,140₹,184,23
Kerala,Nooranad,SwathyScreensNooranad,Malayalam,13:30,Premium,150₹,310,20
Kerala,Nooranad,SwathyScreensNooranad,Malayalam,13:30,RedPlus,200₹,24,0
Kerala,Kasaragod,KaveriCinemasACDtsDolbyKarmamthody,Malayalam,13:30,Standard,110₹,145,11
Kerala,Kalladikode,BalaCinemasDolbyAtmosKalladikode,Malayalam,13:30,Platinum,160₹,17,0
Kerala,Kalladikode,BalaCinemasDolbyAtmosKalladikode,Malayalam,13:30,Gold,110₹,209,25
Kerala,Kottayam,UgmCinemas4KDolbyAtmosEttumanoor,Malayalam,13:30,Platinum,250₹,16,8
Kerala,Kottayam,UgmCinemas4KDolbyAtmosEttumanoor,Malayalam,13:30,Gold,150₹,153,18
Kerala,Kasaragod,MoviemaxCircleKasaragod,Malayalam,13:30,Max1,129₹,443,24
Kerala,Haripad,MLalCineplexxAashirvadHaripad,Malayalam,13:45,Recliner,345₹,10,0
Kerala,Haripad,MLalCineplexxAashirvadHaripad,Malayalam,13:45,Platinum,165₹,10,0
Kerala,Haripad,MLalCineplexxAashirvadHaripad,Malayalam,13:45,Gold,145₹,10,0
Kerala,Haripad,MLalCineplexxAashirvadHaripad,Malayalam,13:45,Silver,90₹,10,0
Kerala,SulthanBathery,MintCinemasAC2K3DSulthanBathery,Malayalam,13:45,Standard,110₹,126,9
Kerala,Chengannur,CCinemasChengannur,Malayalam,13:50,Chimmy,150₹,135,10
Kerala,Alathur,SnehaCinemaACAlathur,Malayalam,14:00,Platinum,120₹,100,0
Kerala,Palakkad,KairaliSreeTheatreChittur,Malayalam,14:00,Platinum,105₹,123,2
Kerala,Kayamkulam,SvCinemasKayamkulam,Malayalam,14:00,Standard,150₹,108,0
Kerala,Puthoor,ChellamTheatrePuthoor,Malayalam,14:00,Balcony,150₹,628,0
Kerala,Puthoor,ChellamTheatrePuthoor,Malayalam,14:00,Reserved,125₹,628,0
Kerala,Kochi,EvmCinemaFortKochi4K3DDolbyAtmos,Malayalam,14:00,GoldenCircle,160₹,228,4
Kerala,Kochi,EvmCinemaFortKochi4K3DDolbyAtmos,Malayalam,14:00,SilverCircle,140₹,502,1
Kerala,Kochi,GCinemasFortKochi4KDolbyAtmos,Malayalam,14:00,Luxury,250₹,18,0
Kerala,Kochi,GCinemasFortKochi4KDolbyAtmos,Malayalam,14:00,Gold,150₹,279,12
Kerala,Kottayam,AshaTheatreKottayam,Malayalam,14:00,Gold,130₹,187,14
Kerala,Kottayam,AshaTheatreKottayam,Malayalam,14:00,Silver,110₹,33,0
Kerala,Adimali,EvmMathaCinemaAdimali,Malayalam,14:00,Screen2,150₹,122,0
Kerala,Kochi,EvmCinemaAC2K3DDolby71Perumbavoor,Malayalam,14:00,Executive1,155₹,23,0
Kerala,Kochi,EvmCinemaAC2K3DDolby71Perumbavoor,Malayalam,14:00,Executive2,155₹,17,0
Kerala,Kochi,EvmCinemaAC2K3DDolby71Perumbavoor,Malayalam,14:00,Deluxe,129₹,504,3
Kerala,Thrissur,SreelakshmiCinemaAmballur4K2KLaserProjection,Malayalam,14:00,Gold,150₹,145,19
Kerala,Mavelikkara,PrathibhaTheatreMavelikara,Malayalam,14:00,Balcony,120₹,200,0
Kerala,Kothamangalam,AnnCinemaComplex4K3DDolbyAtmosRgbLaser,Malayalam,14:00,Platinum,150₹,279,11
Kerala,Alappuzha,EvmGrandCinemaCherthala,Malayalam,14:15,Platinum,160₹,52,0
Kerala,Alappuzha,EvmGrandCinemaCherthala,Malayalam,14:15,Gold,129₹,308,0
Kerala,Pathanamthitta,TrinityMovieMaxPathanamthitta,Malayalam,14:15,Balcony,150₹,150,43
Kerala,Pathanamthitta,TrinityMovieMaxPathanamthitta,Malayalam,14:15,Special,130₹,100,12
Kerala,Mayannur,DreamaxCinemas2K3D71DolbySurroundMayannur,Malayalam,14:15,FirtsClass,120₹,200,0
Kerala,Kanhangad,VgmMultiplexTheatreAC2K71Dolby,Malayalam,14:15,VgmGreen,180₹,160,8
Kerala,Tirur,KhayyamTheatreTirur,Malayalam,14:15,Balcony,100₹,74,0
Kerala,Tirur,KhayyamTheatreTirur,Malayalam,14:15,FirstClass,90₹,74,0
Kerala,Kollam,RevathyCinemaxParippally,Malayalam,14:15,Platinum,200₹,65,10
Kerala,Kollam,RevathyCinemaxParippally,Malayalam,14:15,Gold,150₹,553,98
Kerala,Karunagapally,TharangamTheaterKarunagappally,Malayalam,14:15,BalconyClass,100₹,144,0
Kerala,Mannarkkad,MilanCinemasMannarkkad,Malayalam,14:15,Premium,110₹,254,2
Kerala,Parappanangadi,JayaKeralaTheatreParappanangadi,Malayalam,14:15,Standard,80₹,546,0
Kerala,Parappanangadi,JayaKeralaTheatreParappanangadi,Malayalam,14:15,Executive,80₹,137,0
Kerala,Pattambi,KrishnaCineplexAC2K3DDolbyAtmosPattambi,Malayalam,14:15,SunCircle,110₹,297,10
Kerala,Haripad,SnTheatreHaripad,Malayalam,14:15,Screen1,110₹,175,13
Kerala,Pathanamthitta,UpasanaTheatreRanni,Malayalam,14:30,GoldClass,110₹,240,6
Kerala,Mananthavady,VarnaTheatreMananthavady,Malayalam,14:30,Diamond,120₹,224,7
Kerala,Erattupetta,RajansMetro4KLaserDolby71Erattupetta,Malayalam,14:30,FamilyBox,120₹,17,4
Kerala,Erattupetta,RajansMetro4KLaserDolby71Erattupetta,Malayalam,14:30,Balcony,110₹,70,6
Kerala,Erattupetta,RajansMetro4KLaserDolby71Erattupetta,Malayalam,14:30,FirstClass,90₹,251,67
Kerala,Muvattupuzha,ChembakasseryCinemaMuvattupuzha,Malayalam,14:30,Gold,129₹,260,19
Kerala,Trivandrum,SuryaMultiplex4KDolbyAtmosNedumangad,Malayalam,14:30,Platinum,250₹,28,0
Kerala,Trivandrum,SuryaMultiplex4KDolbyAtmosNedumangad,Malayalam,14:30,Gold,130₹,248,33
Kerala,Ottapalam,LakshmiPicturePalace,Malayalam,14:30,FirstClass,130₹,146,7
Kerala,Trivandrum,JbCinemasThapasyaAttingal,Malayalam,14:30,Balcony,150₹,188,14
Kerala,Trivandrum,JbCinemasThapasyaAttingal,Malayalam,14:30,Circle,130₹,451,6
Kerala,Pathanamthitta,SCinemasKonni,Malayalam,14:30,Platinum,150₹,81,20
Kerala,Pathanamthitta,SCinemasKonni,Malayalam,14:30,Gold,100₹,368,15
Kerala,Trivandrum,SreePadmanabhaTheatre4KEastFort,Malayalam,14:30,Balcony,150₹,259,75
Kerala,Trivandrum,SreePadmanabhaTheatre4KEastFort,Malayalam,14:30,FirstCircle,140₹,213,0
Kerala,Thrissur,DevaCinemas4KDolbyAtmosPeringottukara,Malayalam,14:30,Dimond,150₹,126,15
Kerala,Thrissur,DevaCinemas4KDolbyAtmosPeringottukara,Malayalam,14:30,Gold,130₹,235,13
Kerala,Kollam,UshaACCinemaKollam,Malayalam,14:30,Thrimurthi,140₹,492,29
Kerala,Palakkad,KrvMoviesKottayi,Malayalam,14:30,FirstClass,100₹,221,0
Kerala,Cherpulassery,DeviMoviesRrCinemasCherpulassery,Malayalam,14:30,GoldenCircle,125₹,400,30
Kerala,Trivandrum,KairaliSreeNilaRgbLaser4KDolbyAtmos,Malayalam,14:30,Platinum,125₹,317,20
Kerala,Trivandrum,SreeKaleeswarySreeSaraswathy2K3DKaliyikkav,Malayalam,14:30,RoyalCircle,150₹,484,8
Kerala,Pala,MaharaniAndYuvaraniTheatersAC2K3D71Dolby,Malayalam,14:30,Balcony,129₹,206,8
Kerala,Pala,MaharaniAndYuvaraniTheatersAC2K3D71Dolby,Malayalam,14:30,FamilyBox,140₹,87,0
Kerala,Pala,MaharaniAndYuvaraniTheatersAC2K3D71Dolby,Malayalam,14:30,FirstClass,100₹,723,111
Kerala,Anchal,ArchanaCinemasAcDolbyAtmosAnchalKerala,Malayalam,14:30,Classic,130₹,433,45
Kerala,Mundakayam,RdCinemasMundakayam,Malayalam,14:30,Gold,315₹,30,0
Kerala,Mundakayam,RdCinemasMundakayam,Malayalam,14:30,Executive,150₹,267,8
Kerala,Mundakayam,RdCinemasMundakayam,Malayalam,14:30,Economy,100₹,19,0
Kerala,Trivandrum,HarisreeTheatreKazhakuttom,Malayalam,14:30,Platinum,110₹,565,33
Kerala,Nedumkandam,GCinemaxMultiplex,Malayalam,14:30,Audi1,140₹,240,13
Kerala,Punalur,RamrajMovies,Malayalam,14:30,Executive,200₹,8,2
Kerala,Punalur,RamrajMovies,Malayalam,14:30,Gold,130₹,343,37
Kerala,Kadakkal,SreeDhanyaCinemax,Malayalam,14:30,Executive,300₹,14,0
Kerala,Kadakkal,SreeDhanyaCinemax,Malayalam,14:30,Platinum,129₹,217,22
Kerala,Kadakkal,SreeDhanyaCinemax,Malayalam,14:30,PlatinumFamily,129₹,113,4
Kerala,Thrissur,ShadowCinemasPazhayannur,Malayalam,14:30,Platinum,180₹,16,1
Kerala,Thrissur,ShadowCinemasPazhayannur,Malayalam,14:30,Gold,129₹,192,20
Kerala,Vadakkencherry,JayabharathTheatreVadakkencherry,Malayalam,14:30,Screen1,100₹,69,0
Kerala,Trivandrum,DreamsAttingal,Malayalam,14:30,Recliner,350₹,11,4
Kerala,Trivandrum,DreamsAttingal,Malayalam,14:30,Sofa,200₹,60,53
Kerala,Trivandrum,SpCinemas2KAuro111Peyad,Malayalam,14:45,Friends,130₹,162,38
Kerala,Mukkam,PeeCeeTheatreMukkam,Malayalam,14:45,FirstClass,120₹,139,62
Kerala,Angamaly,FourStarMoviesManjapraAngamaly,Malayalam,14:45,Platinum,170₹,15,0
Kerala,Angamaly,FourStarMoviesManjapraAngamaly,Malayalam,14:45,Gold,129₹,159,16
Kerala,Wadakkancherry,ThalamTheatreWadakkanchery,Malayalam,14:45,Luxury,129₹,114,73
Kerala,Alappuzha,ParadiseCinemaCherthala,Malayalam,14:45,Gold,130₹,204,28
Kerala,Kollam,LmCinemas4K3DDolby71Chathannoor,Malayalam,14:45,Audi2,170₹,101,27
Kerala,Kochi,ShenoysKochi,Malayalam,14:45,Lounge,330₹,26,12
Kerala,Kochi,ShenoysKochi,Malayalam,14:45,Diamond,220₹,88,23
TamilNadu,Chennai,SpiPalazzoTheForumVijayaMallVadapalani,Malayalam,14:50,Budget,63₹,28,28
TamilNadu,Chennai,SpiPalazzoTheForumVijayaMallVadapalani,Malayalam,14:50,Elite,202₹,216,24
Kerala,Alappuzha,PankajTheatreAlappy,Malayalam,14:50,Balcony,150₹,293,0
Kerala,Alappuzha,PankajTheatreAlappy,Malayalam,14:50,FirstClass,129₹,180,0
Karnataka,MangaluruMangalore,PvrForumFizaMallPandeshwar,Malayalam,14:55,Classic,180₹,126,4
Karnataka,MangaluruMangalore,PvrForumFizaMallPandeshwar,Malayalam,14:55,Prime,180₹,40,11
Karnataka,MangaluruMangalore,PvrForumFizaMallPandeshwar,Malayalam,14:55,Recliner,350₹,12,0
Kerala,Kodaly,ChembakasserySreeLakshmiKodaly,Malayalam,15:00,Platinum,129₹,291,13
Kerala,Kattappana,SagaraTheatre4KAtmosKattappana,Malayalam,15:00,Platinum,190₹,38,6
Kerala,Kattappana,SagaraTheatre4KAtmosKattappana,Malayalam,15:00,Gold,130₹,375,26
Kerala,Kodungallur,SreekaleeswaryCinemasDolbyAtmosKodungallur,Malayalam,15:00,Gold,130₹,268,69
Kerala,Trivandrum,SrCinemaVarkkala,Malayalam,15:00,Balcony,170₹,96,12
Kerala,Trivandrum,SrCinemaVarkkala,Malayalam,15:00,FamilyLounge,270₹,20,0
Kerala,Trivandrum,SrCinemaVarkkala,Malayalam,15:00,Gold,140₹,273,28
Kerala,Kumily,EvmCinemasKumily,Malayalam,15:00,RoyalCircle,129₹,330,0
Kerala,Thrissur,RamdasMovieHouseThrissur,Malayalam,15:00,DiamondCircle,125₹,51,14
Kerala,Thrissur,RamdasMovieHouseThrissur,Malayalam,15:00,PearlCircle,100₹,288,88
Kerala,Thrissur,KairaliSreeTheaterThrissur,Malayalam,15:00,Platinum,129₹,108,0
Kerala,Thrissur,KairaliSreeTheaterThrissur,Malayalam,15:00,Gold,105₹,194,0
Kerala,Thrissur,JkCinemas4KDolbyAtmosThriprayar,Malayalam,15:00,Luxury,220₹,15,5
Kerala,Thrissur,JkCinemas4KDolbyAtmosThriprayar,Malayalam,15:00,Diamond,150₹,90,56
Kerala,Thrissur,JkCinemas4KDolbyAtmosThriprayar,Malayalam,15:00,Gold,130₹,90,2
Kerala,Kochi,SangeetaCinemaKochi,Malayalam,15:00,BlueCircle,150₹,187,37
Kerala,Kochi,ZeenathTheatre2KACAluva,Malayalam,15:00,RubyRing,150₹,55,22
Kerala,Kochi,ZeenathTheatre2KACAluva,Malayalam,15:00,EmeraldRing,120₹,128,52
Kerala,Irinjalakuda,JkCinemasKizhuthani,Malayalam,15:00,Diamond,130₹,53,7
Kerala,Irinjalakuda,JkCinemasKizhuthani,Malayalam,15:00,Gold,125₹,141,22
Kerala,Irinjalakuda,JkCinemasKizhuthani,Malayalam,15:00,Silver,100₹,32,0
Kerala,Thrissur,FunMoviesThrissur,Malayalam,15:00,Royal,180₹,20,0
Kerala,Thrissur,FunMoviesThrissur,Malayalam,15:00,Premium,150₹,96,44
Kerala,Thrissur,FunMoviesThrissur,Malayalam,15:00,Club,130₹,118,20
Kerala,Thrissur,FunMoviesThrissur,Malayalam,15:00,Executive,130₹,40,0
Kerala,Kozhikode,EMaxCinemasDolbyAtmosRgbLaserCalicut,Malayalam,15:15,Audi3,160₹,151,25
Kerala,Kochi,VanithaVeneethaCineplexRgbLaser4K3DEdappally,Malayalam,15:15,Screen1,160₹,210,76
Kerala,Kochi,VanithaVeneethaCineplexRgbLaser4K3DEdappally,Malayalam,15:15,Screen1Sofa,220₹,32,12
Kerala,Kochi,KavithaTheatre4K3DDolby71Ernakulam,Malayalam,15:15,GoldCircle,150₹,306,37
Kerala,Kochi,KavithaTheatre4K3DDolby71Ernakulam,Malayalam,15:15,SilverCircle,129₹,770,21
Kerala,Kochi,KavithaTheatre4K3DDolby71Ernakulam,Malayalam,15:15,Sofa,250₹,23,6
Kerala,Ulikkal,SjGCinemasUlikkal,Malayalam,15:30,Standard,130₹,140,45
Kerala,Thriprayar,VbMall4KRgbLaserThriprayar,Malayalam,15:30,Reclainer,300₹,12,1
Kerala,Thriprayar,VbMall4KRgbLaserThriprayar,Malayalam,15:30,Royal,170₹,76,27
Kerala,Thriprayar,VbMall4KRgbLaserThriprayar,Malayalam,15:30,Club,130₹,155,42
Kerala,Kochi,CasinoTalkiesAC2K3DDolbySurround71Aluva,Malayalam,15:30,Daimond,150₹,442,19
Kerala,Kochi,MajesticTheatreNarakkal,Malayalam,15:30,Elite,125₹,159,0
Kerala,Kochi,MajesticTheatreNarakkal,Malayalam,15:30,Premium,100₹,16,0
Kerala,Thalayolaparambu,CarnivalThalayolaparambu,Malayalam,15:30,Platinum,140₹,84,4
Kerala,Thalayolaparambu,CarnivalThalayolaparambu,Malayalam,15:30,Gold,110₹,402,7
Kerala,Thalayolaparambu,CarnivalThalayolaparambu,Malayalam,15:30,Executive,80₹,88,0
Kerala,Trivandrum,JvCinemasKattakkada,Malayalam,15:30,Executive,130₹,376,0
Kerala,Trivandrum,JvCinemasKattakkada,Malayalam,15:30,Gold,130₹,223,0
Kerala,Kochi,KCinemas4KDolbyAtmosTripplebeam3DCherai,Malayalam,15:30,Platinum,220₹,17,0
Kerala,Kochi,KCinemas4KDolbyAtmosTripplebeam3DCherai,Malayalam,15:30,Gold,140₹,195,32
Kerala,Thrissur,ShivadhamCinemasUrakamThrissur,Malayalam,15:45,Platinum,260₹,22,2
Kerala,Thrissur,ShivadhamCinemasUrakamThrissur,Malayalam,15:45,Gold,150₹,128,30
Kerala,Thrissur,ShivadhamCinemasUrakamThrissur,Malayalam,15:45,Silver,129₹,100,0
Kerala,Peravoor,AuraCinemasPeravoor,Malayalam,15:45,Screen2,130₹,145,5
Kerala,Alakode,AlakodeFilmCity4KDolbyAtmos,Malayalam,15:45,Nakshatra,129₹,212,103
Kerala,Thalassery,CarnivalDowntownThalassery,Malayalam,15:45,ExecutiveOffline,160₹,131,34
Kerala,Irinjalakuda,ChembakasseryCinemasIrinjalakuda,Malayalam,15:45,RoyalCircle,129₹,270,50
Karnataka,Bengaluru,PvrTheForumMallKoramangala,Malayalam,15:50,Classic,270₹,177,63
Karnataka,Bengaluru,PvrTheForumMallKoramangala,Malayalam,15:50,Lounger,290₹,11,2
Kerala,Angamaly,JmMoviesJoshMallMookkannoorAngamaly,Malayalam,16:00,Gold,130₹,126,21
Kerala,Angamaly,JmMoviesJoshMallMookkannoorAngamaly,Malayalam,16:00,Diamond,160₹,53,0
Kerala,Kochi,NewCentralTalkiesDolbyAtmos2KAnd3DThripun,Malayalam,16:00,Platinum,220₹,11,4
Kerala,Kochi,NewCentralTalkiesDolbyAtmos2KAnd3DThripun,Malayalam,16:00,Gold,160₹,129,55
Kerala,Kozhikode,SurabhiCinemasKozhikode,Malayalam,16:00,BluePearl,180₹,143,0
Kerala,Kanichar,DevCinemasKanichar,Malayalam,16:00,Screen2,130₹,189,4
Kerala,Pandalam,ThrilokCinemasPandalam,Malayalam,16:00,ExecutiveClass,160₹,71,0
Kerala,Pandalam,ThrilokCinemasPandalam,Malayalam,16:00,ExecutiveClass1,150₹,71,0
Karnataka,Bengaluru,PvrMsrElementsMallTanisandhraMainRoad,Malayalam,16:00,Classic,270₹,114,26
Kerala,Thiruvalla,AashirvadCineplexxKadappra,Malayalam,16:00,SofaSeat,265₹,10,0
Kerala,Thiruvalla,AashirvadCineplexxKadappra,Malayalam,16:00,Platinum,165₹,10,0
Kerala,Thiruvalla,AashirvadCineplexxKadappra,Malayalam,16:00,Gold,145₹,10,0
Kerala,Thiruvalla,AashirvadCineplexxKadappra,Malayalam,16:00,Silver,90₹,10,0
Kerala,Kochi,DharsanaCinemaComplexPiravom,Malayalam,16:00,Platinum,180₹,45,0
Kerala,Kochi,DharsanaCinemaComplexPiravom,Malayalam,16:00,Gold,150₹,154,16
Kerala,Kochi,DharsanaCinemaComplexPiravom,Malayalam,16:00,Silver,80₹,22,0
Kerala,Karunagapally,CarnivalHJComplex,Malayalam,16:00,ClassicOffline,170₹,194,73
Kerala,Kuravilangad,BoscoCinemasKuravilangad,Malayalam,16:00,Economy,100₹,14,0
Kerala,Kuravilangad,BoscoCinemasKuravilangad,Malayalam,16:00,Executive,150₹,112,5
Kerala,Kuravilangad,BoscoCinemasKuravilangad,Malayalam,16:00,Platinum,300₹,10,0
Kerala,Alappuzha,PanCinemasAlappuzha,Malayalam,16:05,Platinum,230₹,28,3
Kerala,Alappuzha,PanCinemasAlappuzha,Malayalam,16:05,Gold,170₹,265,28
Kerala,Pallickathodu,AnchaniCinemas4KDolbyAtmosPallickathodu,Malayalam,16:10,Platinum,250₹,14,0
Kerala,Pallickathodu,AnchaniCinemas4KDolbyAtmosPallickathodu,Malayalam,16:10,Gold,150₹,153,5
Kerala,Kochi,AashirvadCineplexxPerumbavoor,Malayalam,16:15,Platinum,155₹,10,0
Kerala,Kochi,AashirvadCineplexxPerumbavoor,Malayalam,16:15,Gold,129₹,10,0
Kerala,Trivandrum,CarnivalGreenfieldTrivandrum,Malayalam,16:15,ExecutiveOffline,180₹,132,30
Kerala,Trivandrum,PvrKripaTrivandrum,Malayalam,16:20,Classic,150₹,325,47
Karnataka,Bengaluru,SangeetTheatreShivajiNagar,Malayalam,16:30,BalconyClass,120₹,154,0
Kerala,Vadakara,AshokCncAC4K3DDolbyVadakaraCalicut,Malayalam,16:30,Platinum,130₹,431,28
Kerala,Kasaragod,MagicFramesMehboobTheatreComplexKasaragod,Malayalam,16:30,Executive,129₹,222,11
Kerala,Thodupuzha,AashirvadCineplexxThodupuzha,Malayalam,16:30,Gold,190₹,59,16
Kerala,Thodupuzha,AashirvadCineplexxThodupuzha,Malayalam,16:30,Silver,155₹,243,39
Kerala,Thodupuzha,SilverHillsCinemasThodupuzha,Malayalam,16:30,Silver,150₹,80,7
Kerala,Trivandrum,CarnivalArtechCentralMallTrivandrum,Malayalam,16:30,SilverOffline,180₹,147,8
Kerala,Trivandrum,CarnivalArtechCentralMallTrivandrum,Malayalam,16:30,ExecutiveOffline,100₹,26,0
Kerala,Kottayam,UgmCinemas4KDolbyAtmosEttumanoor,Malayalam,16:30,Platinum,250₹,16,0
Kerala,Kottayam,UgmCinemas4KDolbyAtmosEttumanoor,Malayalam,16:30,Gold,150₹,153,29
Karnataka,Bengaluru,InoxGarudaMallMagrathRoad,Malayalam,16:40,RoyaleRecliners,450₹,13,5
Karnataka,Bengaluru,InoxGarudaMallMagrathRoad,Malayalam,16:40,Club,290₹,72,28
Karnataka,Bengaluru,InoxGarudaMallMagrathRoad,Malayalam,16:40,Executive,280₹,90,2
Kerala,Kollam,GmaxCinemasKollam,Malayalam,16:45,Blue,180₹,170,30
Kerala,Kanhangad,VgmMultiplexTheatreAC2K71Dolby,Malayalam,17:00,VgmGreen,180₹,160,46
Kerala,Changaramkulam,MarsCinemas4KDolbyAtmosChangaramkulam,Malayalam,17:00,Executive,250₹,18,3
Kerala,Changaramkulam,MarsCinemas4KDolbyAtmosChangaramkulam,Malayalam,17:00,Platinum,150₹,176,8
Kerala,Alappuzha,AecCinemasAlappuzha,Malayalam,17:00,Platinum,200₹,15,0
Kerala,Alappuzha,AecCinemasAlappuzha,Malayalam,17:00,Gold,150₹,98,7
Kerala,Thrissur,SreelakshmiCinemaAmballur4K2KLaserProjection,Malayalam,17:00,Gold,150₹,145,3
Kerala,Kayamkulam,SvCinemasKayamkulam,Malayalam,17:15,Standard,150₹,108,0
Kerala,Thrissur,DevaCinemas4KDolbyAtmosPeringottukara,Malayalam,17:15,Dimond,150₹,126,3
Kerala,Thrissur,DevaCinemas4KDolbyAtmosPeringottukara,Malayalam,17:15,Gold,130₹,235,0
Kerala,Pattambi,KrishnaCineplexAC2K3DDolbyAtmosPattambi,Malayalam,17:15,SunCircle,110₹,297,0
Kerala,Haripad,SnTheatreHaripad,Malayalam,17:15,Screen1,110₹,175,0
Maharashtra,Mumbai,InoxRCityGhatkopar,Malayalam,17:20,RoyalRecliner,500₹,16,10
Maharashtra,Mumbai,InoxRCityGhatkopar,Malayalam,17:20,Royal,260₹,57,43
Maharashtra,Mumbai,InoxRCityGhatkopar,Malayalam,17:20,Club,210₹,80,14
Maharashtra,Mumbai,InoxRCityGhatkopar,Malayalam,17:20,Executive,190₹,47,1
Maharashtra,Mumbai,InoxRaghuleelaMallVashi,Malayalam,17:25,Silver,210₹,32,20
Maharashtra,Mumbai,InoxRaghuleelaMallVashi,Malayalam,17:25,Premier,200₹,89,9
Maharashtra,Mumbai,InoxRaghuleelaMallVashi,Malayalam,17:25,Executive,180₹,22,0
Kerala,Mananthavady,VarnaTheatreMananthavady,Malayalam,17:30,Diamond,120₹,224,13
Kerala,Trivandrum,SpCinemas2KAuro111Peyad,Malayalam,17:30,Friends,130₹,162,40
Kerala,Kochi,EvmCinemaFortKochi4K3DDolbyAtmos,Malayalam,17:30,GoldenCircle,160₹,228,7
Kerala,Kochi,EvmCinemaFortKochi4K3DDolbyAtmos,Malayalam,17:30,SilverCircle,140₹,502,32
Kerala,Kodungallur,CarnivalMughalMall,Malayalam,17:30,ExecutiveOffline,140₹,172,18
Kerala,Kodungallur,CarnivalMughalMall,Malayalam,17:30,Vip,250₹,10,5
Kerala,Kottayam,AshaTheatreKottayam,Malayalam,17:30,Gold,130₹,187,21
Kerala,Kottayam,AshaTheatreKottayam,Malayalam,17:30,Silver,110₹,33,0
Kerala,Changanassery,AbhinayaTheatre4KChanganassery,Malayalam,17:30,Balcony,130₹,220,36
Kerala,Changanassery,AbhinayaTheatre4KChanganassery,Malayalam,17:30,FirstClass,80₹,194,3
Kerala,Changanassery,AbhinayaTheatre4KChanganassery,Malayalam,17:30,UpperCircle,110₹,255,45
Kerala,Thamarassery,CityMallCinemasThamarassery,Malayalam,17:30,Platinum,260₹,8,4
Kerala,Thamarassery,CityMallCinemasThamarassery,Malayalam,17:30,Gold,160₹,102,34
Kerala,Kochi,PanCinemasNucleusMall,Malayalam,17:35,Platinum,230₹,21,2
Kerala,Kochi,PanCinemasNucleusMall,Malayalam,17:35,Gold,170₹,152,11
Haryana,NationalCapitalRegionNcr,CinepolisAiriaMallSohnaRoadGurgaon,Malayalam,17:35,Normal,200₹,31,0
Haryana,NationalCapitalRegionNcr,CinepolisAiriaMallSohnaRoadGurgaon,Malayalam,17:35,Executive,220₹,64,1
Haryana,NationalCapitalRegionNcr,CinepolisAiriaMallSohnaRoadGurgaon,Malayalam,17:35,Premium,240₹,32,9
Haryana,NationalCapitalRegionNcr,CinepolisAiriaMallSohnaRoadGurgaon,Malayalam,17:35,Vip,500₹,8,2
Kerala,Kochi,CinepolisCentreSquareMallKochi,Malayalam,17:45,Normal,140₹,29,0
Kerala,Kochi,CinepolisCentreSquareMallKochi,Malayalam,17:45,Executive,170₹,42,5
Kerala,Kochi,CinepolisCentreSquareMallKochi,Malayalam,17:45,Premium,200₹,98,38
AndhraPradesh,Hyderabad,PrasadsMultiplexHyderabad,Malayalam,17:45,Executive,200₹,390,28
Kerala,Kollam,RevathyCinemaxParippally,Malayalam,17:45,Platinum,200₹,65,52
Kerala,Kollam,RevathyCinemaxParippally,Malayalam,17:45,Gold,150₹,553,162
Kerala,Alathur,SnehaCinemaACAlathur,Malayalam,18:00,Platinum,120₹,100,0
Kerala,Pathanamthitta,TrinityMovieMaxPathanamthitta,Malayalam,18:00,Balcony,150₹,150,48
Kerala,Pathanamthitta,TrinityMovieMaxPathanamthitta,Malayalam,18:00,Special,130₹,100,3
Kerala,Palakkad,KairaliSreeTheatreChittur,Malayalam,18:00,Platinum,105₹,123,0
Kerala,Kodungallur,SreekaleeswaryCinemasDolbyAtmosKodungallur,Malayalam,18:00,Gold,130₹,268,49
Kerala,Puthoor,ChellamTheatrePuthoor,Malayalam,18:00,Balcony,150₹,618,0
Kerala,Puthoor,ChellamTheatrePuthoor,Malayalam,18:00,Reserved,125₹,618,0
Kerala,Trivandrum,SuryaMultiplex4KDolbyAtmosNedumangad,Malayalam,18:00,Platinum,250₹,28,0
Kerala,Trivandrum,SuryaMultiplex4KDolbyAtmosNedumangad,Malayalam,18:00,Gold,130₹,248,36
Kerala,Thrissur,RamdasMovieHouseThrissur,Malayalam,18:00,DiamondCircle,125₹,51,18
Kerala,Thrissur,RamdasMovieHouseThrissur,Malayalam,18:00,PearlCircle,100₹,288,10
Kerala,Mukkam,PeeCeeTheatreMukkam,Malayalam,18:00,FirstClass,110₹,78,0
Kerala,Ottapalam,LakshmiPicturePalace,Malayalam,18:00,Balcony,160₹,78,20
Kerala,Ottapalam,LakshmiPicturePalace,Malayalam,18:00,FirstClass,130₹,174,0
Kerala,Pathanamthitta,SCinemasKonni,Malayalam,18:00,Platinum,150₹,81,20
Kerala,Pathanamthitta,SCinemasKonni,Malayalam,18:00,Gold,100₹,368,12
Kerala,Trivandrum,SreePadmanabhaTheatre4KEastFort,Malayalam,18:00,Balcony,150₹,259,22
Kerala,Trivandrum,SreePadmanabhaTheatre4KEastFort,Malayalam,18:00,FirstCircle,140₹,213,0
Kerala,Adimali,EvmMathaCinemaAdimali,Malayalam,18:00,Screen2,150₹,122,12
Kerala,Kochi,SangeetaCinemaKochi,Malayalam,18:00,BlueCircle,150₹,187,25
Kerala,Cherpulassery,DeviMoviesRrCinemasCherpulassery,Malayalam,18:00,GoldenCircle,125₹,399,5
Kerala,Trivandrum,KairaliSreeNilaRgbLaser4KDolbyAtmos,Malayalam,18:00,Platinum,125₹,317,17
Kerala,Tirur,KhayyamTheatreTirur,Malayalam,18:00,Balcony,100₹,74,0
Kerala,Tirur,KhayyamTheatreTirur,Malayalam,18:00,FirstClass,90₹,74,0
Kerala,Pala,MaharaniAndYuvaraniTheatersAC2K3D71Dolby,Malayalam,18:00,Balcony,129₹,206,2
Kerala,Pala,MaharaniAndYuvaraniTheatersAC2K3D71Dolby,Malayalam,18:00,FamilyBox,140₹,87,2
Kerala,Pala,MaharaniAndYuvaraniTheatersAC2K3D71Dolby,Malayalam,18:00,FirstClass,100₹,613,0
Kerala,Nedumkandam,GCinemaxMultiplex,Malayalam,18:00,Audi1,140₹,240,14
Kerala,Kochi,EvmCinemaAC2K3DDolby71Perumbavoor,Malayalam,18:00,Executive1,155₹,23,0
Kerala,Kochi,EvmCinemaAC2K3DDolby71Perumbavoor,Malayalam,18:00,Executive2,155₹,17,4
Kerala,Kochi,EvmCinemaAC2K3DDolby71Perumbavoor,Malayalam,18:00,Deluxe,129₹,504,5
Kerala,Parappanangadi,JayaKeralaTheatreParappanangadi,Malayalam,18:00,Standard,80₹,546,0
Kerala,Parappanangadi,JayaKeralaTheatreParappanangadi,Malayalam,18:00,Executive,80₹,137,0
Kerala,Mavelikkara,PrathibhaTheatreMavelikara,Malayalam,18:00,Balcony,120₹,200,0
Kerala,Kothamangalam,AnnCinemaComplex4K3DDolbyAtmosRgbLaser,Malayalam,18:00,Platinum,150₹,279,9
Kerala,Alappuzha,PankajTheatreAlappy,Malayalam,18:05,Balcony,150₹,293,0
Kerala,Alappuzha,PankajTheatreAlappy,Malayalam,18:05,FirstClass,129₹,180,0
TamilNadu,Chennai,CinepolisBsrMallOmrThoraipakkam,Malayalam,18:10,Normal,63₹,17,12
TamilNadu,Chennai,CinepolisBsrMallOmrThoraipakkam,Malayalam,18:10,Executive,162₹,159,9
Kerala,Erattupetta,RajansMetro4KLaserDolby71Erattupetta,Malayalam,18:15,FamilyBox,120₹,17,0
Kerala,Erattupetta,RajansMetro4KLaserDolby71Erattupetta,Malayalam,18:15,Balcony,110₹,70,0
Kerala,Erattupetta,RajansMetro4KLaserDolby71Erattupetta,Malayalam,18:15,FirstClass,90₹,251,0
Kerala,Muvattupuzha,ChembakasseryCinemaMuvattupuzha,Malayalam,18:15,Gold,129₹,258,3
Kerala,Mayannur,DreamaxCinemas2K3D71DolbySurroundMayannur,Malayalam,18:15,FirtsClass,120₹,200,13
Kerala,Kollam,UshaACCinemaKollam,Malayalam,18:15,Thrimurthi,140₹,492,38
Kerala,Wadakkancherry,ThalamTheatreWadakkanchery,Malayalam,18:15,Luxury,129₹,114,44
Kerala,Palakkad,KrvMoviesKottayi,Malayalam,18:15,FirstClass,100₹,221,0
Kerala,Alappuzha,ParadiseCinemaCherthala,Malayalam,18:15,Gold,130₹,204,7
Kerala,Kollam,LmCinemas4K3DDolby71Chathannoor,Malayalam,18:15,Audi2,170₹,101,13
Kerala,Trivandrum,SreeKaleeswarySreeSaraswathy2K3DKaliyikkav,Malayalam,18:15,RoyalCircle,150₹,484,7
Kerala,Mundakayam,RdCinemasMundakayam,Malayalam,18:15,Gold,315₹,30,3
Kerala,Mundakayam,RdCinemasMundakayam,Malayalam,18:15,Executive,150₹,267,37
Kerala,Mundakayam,RdCinemasMundakayam,Malayalam,18:15,Economy,100₹,19,0
Kerala,Trivandrum,HarisreeTheatreKazhakuttom,Malayalam,18:15,Platinum,110₹,565,12
Kerala,Karunagapally,TharangamTheaterKarunagappally,Malayalam,18:15,BalconyClass,100₹,144,0
Kerala,Mannarkkad,MilanCinemasMannarkkad,Malayalam,18:15,Premium,110₹,254,31
Kerala,Pathanapuram,SeemaCineplexPathanapuram,Malayalam,18:15,Audi3,140₹,136,17
Kerala,Thrissur,BrahmakulamTheatre2KDolby71Kanjany,Malayalam,18:15,Balcony,140₹,66,7
Kerala,Thrissur,BrahmakulamTheatre2KDolby71Kanjany,Malayalam,18:15,LuxuryCircle,120₹,395,24
Kerala,Trivandrum,JvCinemasKattakkada,Malayalam,18:15,Executive,130₹,376,50
Kerala,Trivandrum,JvCinemasKattakkada,Malayalam,18:15,Gold,130₹,223,0
Kerala,Trivandrum,NewTheatre4KRgbLaserDolbyAtmosTrivandrum,Malayalam,18:15,Elite,150₹,200,0
Kerala,Kochi,KavithaTheatre4K3DDolby71Ernakulam,Malayalam,18:15,GoldCircle,150₹,306,22
Kerala,Kochi,KavithaTheatre4K3DDolby71Ernakulam,Malayalam,18:15,SilverCircle,129₹,770,21
Kerala,Kochi,KavithaTheatre4K3DDolby71Ernakulam,Malayalam,18:15,Sofa,250₹,23,1
TamilNadu,Chennai,PvrGrandMallVelachery,Malayalam,18:15,Prime,175₹,167,9
TamilNadu,Chennai,PvrGrandMallVelachery,Malayalam,18:15,Classic,63₹,40,40
Kerala,Kodaly,ChembakasserySreeLakshmiKodaly,Malayalam,18:30,Platinum,129₹,291,39
Kerala,Kattappana,SagaraTheatre4KAtmosKattappana,Malayalam,18:30,Platinum,190₹,38,3
Kerala,Kattappana,SagaraTheatre4KAtmosKattappana,Malayalam,18:30,Gold,130₹,375,50
Kerala,Pathanamthitta,UpasanaTheatreRanni,Malayalam,18:30,GoldClass,110₹,240,7
Kerala,Alappuzha,SaniaCinemasEramalloor,Malayalam,18:30,GoldClass,130₹,197,16
Kerala,Trivandrum,SrCinemaVarkkala,Malayalam,18:30,Balcony,170₹,96,50
Kerala,Trivandrum,SrCinemaVarkkala,Malayalam,18:30,FamilyLounge,270₹,20,2
Kerala,Trivandrum,SrCinemaVarkkala,Malayalam,18:30,Gold,140₹,273,35
Kerala,Ulikkal,SjGCinemasUlikkal,Malayalam,18:30,Standard,130₹,140,106
Kerala,Kumily,EvmCinemasKumily,Malayalam,18:30,RoyalCircle,129₹,330,0
Kerala,Thriprayar,VbCinemas4KRgbLaserAtmosThriprayar,Malayalam,18:30,Reclainer,300₹,12,0
Kerala,Thriprayar,VbCinemas4KRgbLaserAtmosThriprayar,Malayalam,18:30,Royal,170₹,76,19
Kerala,Thriprayar,VbCinemas4KRgbLaserAtmosThriprayar,Malayalam,18:30,Club,130₹,155,46
Kerala,Trivandrum,JbCinemasThapasyaAttingal,Malayalam,18:30,Balcony,150₹,188,22
Kerala,Trivandrum,JbCinemasThapasyaAttingal,Malayalam,18:30,Circle,130₹,451,9
Kerala,Thrissur,KairaliSreeTheaterThrissur,Malayalam,18:30,Platinum,129₹,108,0
Kerala,Thrissur,KairaliSreeTheaterThrissur,Malayalam,18:30,Gold,105₹,194,0
Kerala,Kochi,MajesticTheatreNarakkal,Malayalam,18:30,Elite,125₹,159,34
Kerala,Kochi,MajesticTheatreNarakkal,Malayalam,18:30,Premium,100₹,16,0
Kerala,Anchal,ArchanaCinemasAcDolbyAtmosAnchalKerala,Malayalam,18:30,Classic,130₹,433,110
Kerala,Thalayolaparambu,CarnivalThalayolaparambu,Malayalam,18:30,Platinum,140₹,84,14
Kerala,Thalayolaparambu,CarnivalThalayolaparambu,Malayalam,18:30,Gold,110₹,402,10
Kerala,Thalayolaparambu,CarnivalThalayolaparambu,Malayalam,18:30,Executive,80₹,88,0
Kerala,Punalur,CarnivalDMallPunalur,Malayalam,18:30,Silver,130₹,147,34
Kerala,Punalur,CarnivalDMallPunalur,Malayalam,18:30,Gold,200₹,11,4
Kerala,Irinjalakuda,JkCinemasKizhuthani,Malayalam,18:30,Diamond,130₹,53,17
Kerala,Irinjalakuda,JkCinemasKizhuthani,Malayalam,18:30,Gold,125₹,141,30
Kerala,Irinjalakuda,JkCinemasKizhuthani,Malayalam,18:30,Silver,100₹,32,0
Kerala,Peravoor,AuraCinemasPeravoor,Malayalam,18:30,Screen2,130₹,145,21
Kerala,Kadakkal,SreeDhanyaCinemax,Malayalam,18:30,Executive,300₹,14,0
Kerala,Kadakkal,SreeDhanyaCinemax,Malayalam,18:30,Platinum,129₹,217,28
Kerala,Kadakkal,SreeDhanyaCinemax,Malayalam,18:30,PlatinumFamily,129₹,113,10
Kerala,Thrissur,ShadowCinemasPazhayannur,Malayalam,18:30,Platinum,180₹,16,0
Kerala,Thrissur,ShadowCinemasPazhayannur,Malayalam,18:30,Gold,129₹,192,73
Kerala,Thrissur,FunMoviesThrissur,Malayalam,18:30,Royal,180₹,20,0
Kerala,Thrissur,FunMoviesThrissur,Malayalam,18:30,Premium,150₹,96,25
Kerala,Thrissur,FunMoviesThrissur,Malayalam,18:30,Club,130₹,118,16
Kerala,Thrissur,FunMoviesThrissur,Malayalam,18:30,Executive,130₹,40,0
Kerala,Trivandrum,DreamsAttingal,Malayalam,18:35,Recliner,350₹,15,4
Kerala,Trivandrum,DreamsAttingal,Malayalam,18:35,Sofa,200₹,120,83
TamilNadu,Chennai,PvrVrChennaiAnnaNagar,Malayalam,18:40,Classic,63₹,16,16
TamilNadu,Chennai,PvrVrChennaiAnnaNagar,Malayalam,18:40,Prime,202₹,110,20
Kerala,Kanichar,DevCinemasKanichar,Malayalam,18:45,Screen2,130₹,189,59
Karnataka,Bengaluru,GopalanGrandMallOldMadrasRoad,Malayalam,18:45,Gold,220₹,186,20
Kerala,Thrissur,ShivadhamCinemasUrakamThrissur,Malayalam,18:45,Platinum,260₹,22,0
Kerala,Thrissur,ShivadhamCinemasUrakamThrissur,Malayalam,18:45,Gold,150₹,128,24
Kerala,Thrissur,ShivadhamCinemasUrakamThrissur,Malayalam,18:45,Silver,129₹,100,0
Kerala,Kollam,CarnivalKollamRpMall,Malayalam,18:45,PremiumOffline,180₹,96,48
Kerala,Haripad,MLalCineplexxAashirvadHaripad,Malayalam,18:45,Recliner,345₹,10,0
Kerala,Haripad,MLalCineplexxAashirvadHaripad,Malayalam,18:45,Platinum,165₹,10,0
Kerala,Haripad,MLalCineplexxAashirvadHaripad,Malayalam,18:45,Gold,145₹,10,0
Kerala,Haripad,MLalCineplexxAashirvadHaripad,Malayalam,18:45,Silver,90₹,10,0
TamilNadu,Chennai,InoxTheMarinaMallOmr,Malayalam,18:45,Club,202₹,137,43
TamilNadu,Chennai,InoxTheMarinaMallOmr,Malayalam,18:45,Executive,63₹,16,16
Kerala,Thodupuzha,SilverHillsCinemasThodupuzha,Malayalam,18:45,Silver,150₹,172,41
Kerala,Kochi,VanithaVeneethaCineplexRgbLaser4K3DEdappally,Malayalam,18:45,Screen1,160₹,210,75
Kerala,Kochi,VanithaVeneethaCineplexRgbLaser4K3DEdappally,Malayalam,18:45,Screen1Sofa,220₹,32,12
Kerala,Alakode,AlakodeFilmCity4KDolbyAtmos,Malayalam,18:45,Nakshatra,129₹,212,118
Kerala,Irinjalakuda,ChembakasseryCinemasIrinjalakuda,Malayalam,18:45,RoyalCircle,129₹,270,110
Kerala,Kochi,PvrLuluGoldKochi,Malayalam,18:50,Gold,500₹,56,17
Kerala,Trivandrum,CarnivalMallOfTravancoreTrivandrum,Malayalam,18:50,Silver,210₹,97,45
Kerala,Trivandrum,CarnivalMallOfTravancoreTrivandrum,Malayalam,18:50,ExecutiveOffline,180₹,193,22
Kerala,Trivandrum,CarnivalMallOfTravancoreTrivandrum,Malayalam,18:50,NormalOffline,100₹,17,0
Karnataka,Bengaluru,PvrVegaCityBannerghattaRoad,Malayalam,18:55,Classic,270₹,118,16
Kerala,Angamaly,JmMoviesJoshMallMookkannoorAngamaly,Malayalam,19:00,Gold,130₹,126,34
Kerala,Angamaly,JmMoviesJoshMallMookkannoorAngamaly,Malayalam,19:00,Diamond,160₹,53,0
Kerala,Kochi,NewCentralTalkiesDolbyAtmos2KAnd3DThripun,Malayalam,19:00,Platinum,220₹,11,4
Kerala,Kochi,NewCentralTalkiesDolbyAtmos2KAnd3DThripun,Malayalam,19:00,Gold,160₹,129,42
Kerala,Shoranur,MLalAashirvadCineplexxShoranur,Malayalam,19:00,Sofa,200₹,10,0
Kerala,Shoranur,MLalAashirvadCineplexxShoranur,Malayalam,19:00,Platinum,129₹,10,0
Kerala,Pandalam,ThrilokCinemasPandalam,Malayalam,19:00,ExecutiveClass,160₹,34,0
Kerala,Pandalam,ThrilokCinemasPandalam,Malayalam,19:00,ExecutiveClass1,150₹,34,0
Kerala,Kollam,JbCinemas4K3DNallila,Malayalam,19:00,Blue,129₹,242,144
Kerala,Shoranur,AnuragCinemaShoranur,Malayalam,19:00,Screen2,110₹,113,9
TamilNadu,Chennai,SpiEscapeExpressAvenueMallRoyapettah,Malayalam,19:00,Budget,63₹,11,9
TamilNadu,Chennai,SpiEscapeExpressAvenueMallRoyapettah,Malayalam,19:00,Elite,202₹,99,30
Karnataka,MangaluruMangalore,SuchitraPrabhatCinemas4KRgbLaserDolbyAtmos,Malayalam,19:00,Silver,120₹,154,6
Karnataka,MangaluruMangalore,SuchitraPrabhatCinemas4KRgbLaserDolbyAtmos,Malayalam,19:00,Gold,150₹,237,5
Karnataka,MangaluruMangalore,SuchitraPrabhatCinemas4KRgbLaserDolbyAtmos,Malayalam,19:00,Platinum,180₹,145,2
Karnataka,Bengaluru,GalaxyParadiseMiniplexBegurRoad,Malayalam,19:00,Gold,150₹,120,25
Kerala,Kochi,MCinemas4K3DDolbyAtmosVarapuzha,Malayalam,19:00,Audi2,129₹,182,23
Kerala,Kalladikode,BalaCinemasDolbyAtmosKalladikode,Malayalam,19:00,Platinum,160₹,14,12
Kerala,Kalladikode,BalaCinemasDolbyAtmosKalladikode,Malayalam,19:00,Gold,110₹,133,129
Kerala,Angamaly,CarnivalKsrtComplex,Malayalam,19:00,GoldOffline,150₹,202,35
Kerala,Kuravilangad,BoscoCinemasKuravilangad,Malayalam,19:00,Economy,100₹,14,0
Kerala,Kuravilangad,BoscoCinemasKuravilangad,Malayalam,19:00,Executive,150₹,112,53
Kerala,Kuravilangad,BoscoCinemasKuravilangad,Malayalam,19:00,Platinum,300₹,10,8
Kerala,Thrissur,InoxSobhaCityMall,Malayalam,19:10,RoyalRecliner,350₹,10,7
Kerala,Thrissur,InoxSobhaCityMall,Malayalam,19:10,Club,190₹,155,67
Kerala,Thrissur,InoxSobhaCityMall,Malayalam,19:10,Royal,190₹,32,32
Kerala,Thrissur,InoxSobhaCityMall,Malayalam,19:10,Executive,130₹,26,4
TamilNadu,Chennai,SpiS2PeramburSpectrumMallPerambur,Malayalam,19:10,Budget,63₹,23,2
TamilNadu,Chennai,SpiS2PeramburSpectrumMallPerambur,Malayalam,19:10,Elite,202₹,196,5
Maharashtra,Mumbai,InoxMegaplexInorbitMallMalad,Malayalam,19:10,Kiddles,240₹,57,16
Kerala,Kochi,PvrLuluKochi,Malayalam,19:10,Classic,140₹,54,5
Kerala,Kochi,PvrLuluKochi,Malayalam,19:10,ClassicPlus,180₹,108,18
Kerala,Kochi,PvrLuluKochi,Malayalam,19:10,Prime,200₹,125,38
Kerala,Kochi,PvrLuluKochi,Malayalam,19:10,Recliner,350₹,14,6
Karnataka,Bengaluru,CinepolisForumShantiniketanBengaluru,Malayalam,19:15,Normal,200₹,30,0
Karnataka,Bengaluru,CinepolisForumShantiniketanBengaluru,Malayalam,19:15,Executive,220₹,68,5
Karnataka,Bengaluru,CinepolisForumShantiniketanBengaluru,Malayalam,19:15,Premium,240₹,57,8
Karnataka,Bengaluru,CinepolisForumShantiniketanBengaluru,Malayalam,19:15,Vip,350₹,12,6
AndhraPradesh,Hyderabad,PvrNextGalleriaMallPanjagutta,Malayalam,19:15,Classic,150₹,152,36
Kerala,Kozhikode,AashirvadCineplexxKozhikode,Malayalam,19:15,Recliner,380₹,10,0
Kerala,Kozhikode,AashirvadCineplexxKozhikode,Malayalam,19:15,Platinum,220₹,10,0
Kerala,Kozhikode,AashirvadCineplexxKozhikode,Malayalam,19:15,Gold,200₹,10,0
Kerala,Kasaragod,KaveriCinemasACDtsDolbyKarmamthody,Malayalam,19:15,Standard,110₹,145,25
Kerala,Kochi,CarnivalCinemasRedCarpetKariyad,Malayalam,19:15,GoldLounge,290₹,32,18
Kerala,Kochi,CarnivalCinemasRedCarpetKariyad,Malayalam,19:15,ExecutiveOffline,190₹,96,12
Maharashtra,Pune,InoxAmanoraTownCentreHadapsar,Malayalam,19:20,Royale,350₹,12,9
Maharashtra,Pune,InoxAmanoraTownCentreHadapsar,Malayalam,19:20,Club,220₹,161,4
Maharashtra,Pune,InoxAmanoraTownCentreHadapsar,Malayalam,19:20,Executive,200₹,42,0
TamilNadu,Coimbatore,SpiTheCinemaBrookefieldsMall,Malayalam,19:20,Budget,63₹,19,19
TamilNadu,Coimbatore,SpiTheCinemaBrookefieldsMall,Malayalam,19:20,Elite,202₹,165,27
Kerala,Kochi,PvrOberonMallKochi,Malayalam,19:20,Classic,170₹,53,4
Kerala,Kochi,PvrOberonMallKochi,Malayalam,19:20,ClassicPlus,200₹,115,27
Kerala,Kochi,PvrOberonMallKochi,Malayalam,19:20,Recliner,350₹,14,3
Karnataka,Manipal,InoxManipalCentralCinemas,Malayalam,19:20,Royal,250₹,11,11
Karnataka,Manipal,InoxManipalCentralCinemas,Malayalam,19:20,Club,190₹,47,12
Karnataka,Manipal,InoxManipalCentralCinemas,Malayalam,19:20,Executive,170₹,40,0
TamilNadu,Coimbatore,InoxProzoneMallCoimbatore,Malayalam,19:20,Club,202₹,175,28
TamilNadu,Coimbatore,InoxProzoneMallCoimbatore,Malayalam,19:20,Executive,63₹,21,21
Maharashtra,Pune,CinepolisSeasonsMallPune,Malayalam,19:25,Normal,200₹,27,0
Maharashtra,Pune,CinepolisSeasonsMallPune,Malayalam,19:25,Executive,220₹,92,0
Maharashtra,Pune,CinepolisSeasonsMallPune,Malayalam,19:25,Premium,220₹,33,6
Kerala,Koothattukulam,ShafasGrand4K3DNorthParavur,Malayalam,19:30,PremiumSofa,220₹,21,0
Kerala,Koothattukulam,ShafasGrand4K3DNorthParavur,Malayalam,19:30,PearlCircle,120₹,314,48
Kerala,Vadakara,CncKeralaCoirBigScreenAC2KDolbyVadakara,Malayalam,19:30,Platinum,130₹,180,14
Kerala,Vadakara,CncKeralaCoirBigScreenAC2KDolbyVadakara,Malayalam,19:30,Diamond,110₹,490,3
Kerala,Kasaragod,MagicFramesMehboobTheatreComplexKasaragod,Malayalam,19:30,Executive,129₹,222,23
Kerala,Kozhikode,RegalCinemaKozhikode,Malayalam,19:30,FirstClassSc3,200₹,158,35
Kerala,Trivandrum,AriesplexSlCinemas,Malayalam,19:30,Gold,250₹,11,9
Kerala,Trivandrum,AriesplexSlCinemas,Malayalam,19:30,Executive,150₹,142,50
Kerala,Trivandrum,AriesplexSlCinemas,Malayalam,19:30,Economy,100₹,16,0
Maharashtra,Mumbai,CarnivalImaxWadala,Malayalam,19:30,PremiumOffline,250₹,53,17
Maharashtra,Mumbai,CarnivalImaxWadala,Malayalam,19:30,PlatinumOffline,200₹,220,28
Maharashtra,Mumbai,CarnivalImaxWadala,Malayalam,19:30,GoldOffline,180₹,84,0
Maharashtra,Mumbai,MetroInoxCinemasMarineLines,Malayalam,19:35,Kiddles,270₹,45,28
Kerala,Kochi,GCinemasFortKochi4KDolbyAtmos,Malayalam,20:00,Luxury,250₹,18,0
Kerala,Kochi,GCinemasFortKochi4KDolbyAtmos,Malayalam,20:00,Gold,150₹,279,29
Kerala,Changaramkulam,MarsCinemas4KDolbyAtmosChangaramkulam,Malayalam,20:00,Executive,250₹,18,0
Kerala,Changaramkulam,MarsCinemas4KDolbyAtmosChangaramkulam,Malayalam,20:00,Platinum,150₹,176,28
Karnataka,Bengaluru,CinepolisSjrCentralMallArekereBannergatta,Malayalam,20:15,Normal,230₹,28,0
Karnataka,Bengaluru,CinepolisSjrCentralMallArekereBannergatta,Malayalam,20:15,Executive,230₹,59,0
Karnataka,Bengaluru,CinepolisSjrCentralMallArekereBannergatta,Malayalam,20:15,Premium,230₹,51,14
Karnataka,Bengaluru,CinepolisSjrCentralMallArekereBannergatta,Malayalam,20:15,Vip,450₹,12,0
Kerala,Pattambi,KrishnaCineplexAC2K3DDolbyAtmosPattambi,Malayalam,20:15,SunCircle,110₹,297,16
Kerala,Mananthavady,VarnaTheatreMananthavady,Malayalam,20:30,Diamond,120₹,224,5
Kerala,Chengannur,CCinemasChengannur,Malayalam,20:30,Chimmy,150₹,135,17
Kerala,Kozhikode,EMaxCinemasDolbyAtmosRgbLaserCalicut,Malayalam,20:30,Audi3,160₹,151,4
Kerala,Nooranad,SwathyScreensNooranad,Malayalam,20:30,Premium,150₹,140,34
Kerala,Nooranad,SwathyScreensNooranad,Malayalam,20:30,GoldPlus,200₹,12,9
Kerala,Kottayam,AshaTheatreKottayam,Malayalam,20:45,Gold,130₹,187,3
Kerala,Kottayam,AshaTheatreKottayam,Malayalam,20:45,Silver,110₹,33,0
Kerala,Changanassery,AbhinayaTheatre4KChanganassery,Malayalam,20:45,Balcony,130₹,220,6
Kerala,Changanassery,AbhinayaTheatre4KChanganassery,Malayalam,20:45,FirstClass,80₹,194,0
Kerala,Changanassery,AbhinayaTheatre4KChanganassery,Malayalam,20:45,UpperCircle,110₹,255,4
Kerala,Alathur,SnehaCinemaACAlathur,Malayalam,21:00,Platinum,120₹,100,0
Kerala,Pathanamthitta,TrinityMovieMaxPathanamthitta,Malayalam,21:00,Balcony,150₹,150,11
Kerala,Pathanamthitta,TrinityMovieMaxPathanamthitta,Malayalam,21:00,Special,130₹,100,0
Kerala,Palakkad,KairaliSreeTheatreChittur,Malayalam,21:00,Platinum,105₹,123,0
Kerala,Kodungallur,SreekaleeswaryCinemasDolbyAtmosKodungallur,Malayalam,21:00,Gold,130₹,268,8
Kerala,Adimali,EvmMathaCinemaAdimali,Malayalam,21:00,Screen2,150₹,122,0
Kerala,Kochi,SangeetaCinemaKochi,Malayalam,21:00,BlueCircle,150₹,187,18
Kerala,Trivandrum,KairaliSreeNilaRgbLaser4KDolbyAtmos,Malayalam,21:00,Platinum,125₹,317,0
Kerala,Tirur,KhayyamTheatreTirur,Malayalam,21:00,Balcony,100₹,74,0
Kerala,Tirur,KhayyamTheatreTirur,Malayalam,21:00,FirstClass,90₹,74,0
Kerala,Pala,MaharaniAndYuvaraniTheatersAC2K3D71Dolby,Malayalam,21:00,Balcony,129₹,206,0
Kerala,Pala,MaharaniAndYuvaraniTheatersAC2K3D71Dolby,Malayalam,21:00,FamilyBox,140₹,87,0
Kerala,Pala,MaharaniAndYuvaraniTheatersAC2K3D71Dolby,Malayalam,21:00,FirstClass,100₹,723,110
Kerala,Nedumkandam,GCinemaxMultiplex,Malayalam,21:00,Audi1,140₹,240,0
Kerala,Kochi,EvmCinemaAC2K3DDolby71Perumbavoor,Malayalam,21:00,Executive1,155₹,23,0
Kerala,Kochi,EvmCinemaAC2K3DDolby71Perumbavoor,Malayalam,21:00,Executive2,155₹,17,0
Kerala,Kochi,EvmCinemaAC2K3DDolby71Perumbavoor,Malayalam,21:00,Deluxe,129₹,505,1
Kerala,Mavelikkara,PrathibhaTheatreMavelikara,Malayalam,21:00,Balcony,120₹,200,0
Kerala,Kothamangalam,AnnCinemaComplex4K3DDolbyAtmosRgbLaser,Malayalam,21:00,Platinum,150₹,279,0
Kerala,Trivandrum,SindhuCinemasVenjarammoodu,Malayalam,21:00,Gold,110₹,222,0
Kerala,Erattupetta,RajansMetro4KLaserDolby71Erattupetta,Malayalam,21:15,FamilyBox,120₹,17,0
Kerala,Erattupetta,RajansMetro4KLaserDolby71Erattupetta,Malayalam,21:15,Balcony,110₹,70,0
Kerala,Erattupetta,RajansMetro4KLaserDolby71Erattupetta,Malayalam,21:15,FirstClass,90₹,251,0
Kerala,Muvattupuzha,ChembakasseryCinemaMuvattupuzha,Malayalam,21:15,Gold,129₹,258,0
Kerala,Mayannur,DreamaxCinemas2K3D71DolbySurroundMayannur,Malayalam,21:15,FirtsClass,120₹,200,0
Kerala,Trivandrum,SuryaMultiplex4KDolbyAtmosNedumangad,Malayalam,21:15,Platinum,250₹,28,0
Kerala,Trivandrum,SuryaMultiplex4KDolbyAtmosNedumangad,Malayalam,21:15,Gold,130₹,248,0
Kerala,Ulikkal,SjGCinemasUlikkal,Malayalam,21:15,Standard,130₹,140,3
Kerala,Mukkam,PeeCeeTheatreMukkam,Malayalam,21:15,FirstClass,110₹,124,0
Karnataka,Bengaluru,GopalanMallSirsiCircle,Malayalam,21:15,Gold,250₹,261,0
Kerala,Kollam,UshaACCinemaKollam,Malayalam,21:15,Thrimurthi,140₹,492,0
Kerala,Wadakkancherry,ThalamTheatreWadakkanchery,Malayalam,21:15,Luxury,129₹,114,14
Kerala,Cherpulassery,DeviMoviesRrCinemasCherpulassery,Malayalam,21:15,GoldenCircle,125₹,400,1
Kerala,Alappuzha,ParadiseCinemaCherthala,Malayalam,21:15,Gold,130₹,204,2
Kerala,Kollam,LmCinemas4K3DDolby71Chathannoor,Malayalam,21:15,Audi2,170₹,101,0
Karnataka,MysuruMysore,MysuruVisionCinemasBehindGrsFantasyPark,Malayalam,21:15,Premier,150₹,206,0
Kerala,Karunagapally,TharangamTheaterKarunagappally,Malayalam,21:15,BalconyClass,100₹,144,0
Kerala,Parappanangadi,JayaKeralaTheatreParappanangadi,Malayalam,21:15,Standard,80₹,546,0
Kerala,Parappanangadi,JayaKeralaTheatreParappanangadi,Malayalam,21:15,Executive,80₹,137,0
Kerala,Thrissur,BrahmakulamTheatre2KDolby71Kanjany,Malayalam,21:15,Balcony,140₹,66,0
Kerala,Thrissur,BrahmakulamTheatre2KDolby71Kanjany,Malayalam,21:15,LuxuryCircle,120₹,395,0
Kerala,Trivandrum,JvCinemasKattakkada,Malayalam,21:15,Executive,130₹,376,42
Kerala,Trivandrum,JvCinemasKattakkada,Malayalam,21:15,Gold,130₹,223,0
Kerala,Peravoor,AuraCinemasPeravoor,Malayalam,21:15,Screen2,130₹,145,0
Kerala,Kochi,KCinemas4KDolbyAtmosTripplebeam3DCherai,Malayalam,21:15,Platinum,220₹,17,0
Kerala,Kochi,KCinemas4KDolbyAtmosTripplebeam3DCherai,Malayalam,21:15,Gold,140₹,195,15
Kerala,Alappuzha,PankajTheatreAlappy,Malayalam,21:20,Balcony,150₹,293,0
Kerala,Alappuzha,PankajTheatreAlappy,Malayalam,21:20,FirstClass,129₹,180,0
Kerala,Kodaly,ChembakasserySreeLakshmiKodaly,Malayalam,21:30,Platinum,129₹,291,1
Kerala,Alappuzha,EvmGrandCinemaCherthala,Malayalam,21:30,Platinum,160₹,52,0
Kerala,Alappuzha,EvmGrandCinemaCherthala,Malayalam,21:30,Gold,129₹,308,60
Kerala,Pathanamthitta,UpasanaTheatreRanni,Malayalam,21:30,GoldClass,110₹,240,2
Kerala,Thrissur,RagamTheatre4KDolbyAtmosThrissur,Malayalam,21:30,Balcony,125₹,197,44
Kerala,Thrissur,RagamTheatre4KDolbyAtmosThrissur,Malayalam,21:30,FirstClass,100₹,550,135
Kerala,Alappuzha,SaniaCinemasEramalloor,Malayalam,21:30,GoldClass,130₹,197,125
Kerala,Puthoor,ChellamTheatrePuthoor,Malayalam,21:30,Balcony,150₹,637,0
Kerala,Puthoor,ChellamTheatrePuthoor,Malayalam,21:30,Reserved,125₹,637,0
Kerala,Kumily,EvmCinemasKumily,Malayalam,21:30,RoyalCircle,129₹,330,0
Kerala,Kanichar,DevCinemasKanichar,Malayalam,21:30,Screen2,130₹,189,17
Kerala,Irinjalakuda,MasMoviesIrinjalakuda,Malayalam,21:30,Silver,130₹,207,25
Kerala,Trivandrum,JbCinemasThapasyaAttingal,Malayalam,21:30,Balcony,150₹,188,10
Kerala,Trivandrum,JbCinemasThapasyaAttingal,Malayalam,21:30,Circle,130₹,451,1
Kerala,Pathanamthitta,SCinemasKonni,Malayalam,21:30,Platinum,150₹,81,20
Kerala,Pathanamthitta,SCinemasKonni,Malayalam,21:30,Gold,100₹,368,12
Kerala,Trivandrum,SreePadmanabhaTheatre4KEastFort,Malayalam,21:30,Balcony,150₹,259,32
Kerala,Trivandrum,SreePadmanabhaTheatre4KEastFort,Malayalam,21:30,FirstCircle,140₹,213,0
Kerala,Palakkad,KrvMoviesKottayi,Malayalam,21:30,FirstClass,100₹,221,0
Kerala,Kochi,MajesticTheatreNarakkal,Malayalam,21:30,Elite,125₹,159,5
Kerala,Kochi,MajesticTheatreNarakkal,Malayalam,21:30,Premium,100₹,16,0
Kerala,Thiruvalla,AashirvadCineplexxKadappra,Malayalam,21:30,SofaSeat,265₹,15,0
Kerala,Thiruvalla,AashirvadCineplexxKadappra,Malayalam,21:30,Platinum,165₹,61,15
Kerala,Thiruvalla,AashirvadCineplexxKadappra,Malayalam,21:30,Gold,145₹,117,14
Kerala,Thiruvalla,AashirvadCineplexxKadappra,Malayalam,21:30,Silver,90₹,13,0
Karnataka,Bengaluru,PvrVegaCityBannerghattaRoad,Malayalam,21:30,Classic,240₹,150,10
Karnataka,Bengaluru,PvrVegaCityBannerghattaRoad,Malayalam,21:30,Recliner,450₹,12,0
Kerala,Kochi,DharsanaCinemaComplexPiravom,Malayalam,21:30,Platinum,180₹,45,8
Kerala,Kochi,DharsanaCinemaComplexPiravom,Malayalam,21:30,Gold,150₹,154,2
Kerala,Kochi,DharsanaCinemaComplexPiravom,Malayalam,21:30,Silver,80₹,22,0
Kerala,Trivandrum,SreeKaleeswarySreeSaraswathy2K3DKaliyikkav,Malayalam,21:30,RoyalCircle,150₹,484,47
Kerala,Anchal,ArchanaCinemasAcDolbyAtmosAnchalKerala,Malayalam,21:30,Classic,130₹,433,74
Kerala,Kollam,RevathyCinemaxParippally,Malayalam,21:30,Platinum,200₹,65,40
Kerala,Kollam,RevathyCinemaxParippally,Malayalam,21:30,Gold,150₹,553,149
Kerala,Trivandrum,HarisreeTheatreKazhakuttom,Malayalam,21:30,Platinum,110₹,565,13
Kerala,Kollam,ParthaMovieHouses4KAtmos,Malayalam,21:30,Diamond,150₹,194,85
Kerala,Mannarkkad,MilanCinemasMannarkkad,Malayalam,21:30,Premium,110₹,254,8
Kerala,Pathanapuram,SeemaCineplexPathanapuram,Malayalam,21:30,Audi3,140₹,136,16
Kerala,Punalur,CarnivalDMallPunalur,Malayalam,21:30,Silver,130₹,147,35
Kerala,Punalur,CarnivalDMallPunalur,Malayalam,21:30,Gold,200₹,11,3
Kerala,Irinjalakuda,JkCinemasKizhuthani,Malayalam,21:30,Diamond,130₹,53,4
Kerala,Irinjalakuda,JkCinemasKizhuthani,Malayalam,21:30,Gold,125₹,141,8
Kerala,Irinjalakuda,JkCinemasKizhuthani,Malayalam,21:30,Silver,100₹,32,0
Karnataka,MangaluruMangalore,PvrForumFizaMallPandeshwar,Malayalam,21:30,Classic,180₹,126,0
Karnataka,MangaluruMangalore,PvrForumFizaMallPandeshwar,Malayalam,21:30,Prime,180₹,40,20
Karnataka,MangaluruMangalore,PvrForumFizaMallPandeshwar,Malayalam,21:30,Recliner,350₹,12,0
Kerala,Trivandrum,NewTheatre4KRgbLaserDolbyAtmosTrivandrum,Malayalam,21:30,Elite,150₹,200,8
Kerala,Kadakkal,SreeDhanyaCinemax,Malayalam,21:30,Executive,300₹,14,0
Kerala,Kadakkal,SreeDhanyaCinemax,Malayalam,21:30,Platinum,129₹,217,1
Kerala,Kadakkal,SreeDhanyaCinemax,Malayalam,21:30,PlatinumFamily,129₹,113,0
Kerala,Kochi,KavithaTheatre4K3DDolby71Ernakulam,Malayalam,21:30,GoldCircle,150₹,306,26
Kerala,Kochi,KavithaTheatre4K3DDolby71Ernakulam,Malayalam,21:30,SilverCircle,129₹,770,17
Kerala,Kochi,KavithaTheatre4K3DDolby71Ernakulam,Malayalam,21:30,Sofa,250₹,23,0
Kerala,Thrissur,ShadowCinemasPazhayannur,Malayalam,21:30,Platinum,180₹,16,0
Kerala,Thrissur,ShadowCinemasPazhayannur,Malayalam,21:30,Gold,129₹,192,28
Kerala,Vadakkencherry,JayabharathTheatreVadakkencherry,Malayalam,21:30,Screen1,100₹,88,0
Kerala,Thrissur,FunMoviesThrissur,Malayalam,21:30,Royal,180₹,20,9
Kerala,Thrissur,FunMoviesThrissur,Malayalam,21:30,Premium,150₹,96,34
Kerala,Thrissur,FunMoviesThrissur,Malayalam,21:30,Club,130₹,118,18
Kerala,Thrissur,FunMoviesThrissur,Malayalam,21:30,Executive,130₹,40,0
Kerala,Muvattupuzha,CarnivalGrandCentreMallMuvattupuzha,Malayalam,21:30,ExecutiveOffline,160₹,155,18
Kerala,Kochi,ShenoysKochi,Malayalam,21:30,Lounge,330₹,26,9
Kerala,Kochi,ShenoysKochi,Malayalam,21:30,Diamond,220₹,88,18
Kerala,Kattappana,SagaraTheatreKattappana,Malayalam,21:45,Platinum,190₹,38,0
Kerala,Kattappana,SagaraTheatreKattappana,Malayalam,21:45,Gold,130₹,375,0
Karnataka,MysuruMysore,PvrForumCentreCityMallMysuru,Malayalam,21:45,Classic,180₹,134,24
Karnataka,Bengaluru,GopalanCinemasBannerghattaRoad,Malayalam,21:45,Sofa,260₹,16,2
Karnataka,Bengaluru,GopalanCinemasBannerghattaRoad,Malayalam,21:45,Gold,260₹,267,0
Kerala,Trivandrum,SrCinemaVarkkala,Malayalam,21:45,Balcony,170₹,96,2
Kerala,Trivandrum,SrCinemaVarkkala,Malayalam,21:45,FamilyLounge,270₹,20,4
Kerala,Trivandrum,SrCinemaVarkkala,Malayalam,21:45,Gold,140₹,273,8
Kerala,Shoranur,MLalAashirvadCineplexxShoranur,Malayalam,21:45,Sofa,200₹,30,3
Kerala,Shoranur,MLalAashirvadCineplexxShoranur,Malayalam,21:45,Platinum,129₹,89,0
Kerala,Thriprayar,VbCinemas4KRgbLaserAtmosThriprayar,Malayalam,21:45,Reclainer,300₹,12,3
Kerala,Thriprayar,VbCinemas4KRgbLaserAtmosThriprayar,Malayalam,21:45,Royal,170₹,76,2
Kerala,Thriprayar,VbCinemas4KRgbLaserAtmosThriprayar,Malayalam,21:45,Club,130₹,155,11
Kerala,Kuthuparamba,BabyCinemasKuthuparamba,Malayalam,21:45,Standard,110₹,216,13
Kerala,Thalassery,CarnivalDowntownThalassery,Malayalam,21:45,GoldOffline,250₹,8,3
Kerala,Thalassery,CarnivalDowntownThalassery,Malayalam,21:45,ExecutiveOffline,160₹,135,37
Kerala,Karunagapally,CarnivalHJComplex,Malayalam,21:45,ClassicOffline,170₹,194,22
Kerala,Trivandrum,CarnivalGreenfieldTrivandrum,Malayalam,21:45,ExecutiveOffline,180₹,132,24
Kerala,Trivandrum,DreamsAttingal,Malayalam,21:50,Recliner,350₹,15,7
Kerala,Trivandrum,DreamsAttingal,Malayalam,21:50,Sofa,200₹,120,11
TamilNadu,Chennai,PvrGrandGaladaPallavaram,Malayalam,21:55,Classic,63₹,28,28
TamilNadu,Chennai,PvrGrandGaladaPallavaram,Malayalam,21:55,Prime,189₹,152,152
Karnataka,Bengaluru,BalajiDigital2KCinemaTavarekere,Malayalam,22:00,DiamondClass,150₹,163,4
Karnataka,Bengaluru,BalajiDigital2KCinemaTavarekere,Malayalam,22:00,GoldClass,120₹,262,0
Kerala,Angamaly,JmMoviesJoshMallMookkannoorAngamaly,Malayalam,22:00,Gold,130₹,126,26
Kerala,Angamaly,JmMoviesJoshMallMookkannoorAngamaly,Malayalam,22:00,Diamond,160₹,53,4
Kerala,Kozhikode,SurabhiCinemasKozhikode,Malayalam,22:00,BluePearl,180₹,136,0
Kerala,Kochi,CasinoTalkiesAC2K3DDolbySurround71Aluva,Malayalam,22:00,Daimond,150₹,442,20
Kerala,Kanhangad,VgmMultiplexTheatreAC2K71Dolby,Malayalam,22:00,VgmGreen,180₹,160,1
Kerala,Shoranur,AnuragCinemaShoranur,Malayalam,22:00,Screen2,110₹,113,12
Kerala,Thrissur,JkCinemas4KDolbyAtmosThriprayar,Malayalam,22:00,Luxury,220₹,15,0
Kerala,Thrissur,JkCinemas4KDolbyAtmosThriprayar,Malayalam,22:00,Diamond,150₹,90,8
Kerala,Thrissur,JkCinemas4KDolbyAtmosThriprayar,Malayalam,22:00,Gold,130₹,90,2
Karnataka,MangaluruMangalore,CineGalaxySurathkalMangalore,Malayalam,22:00,Gold,150₹,18,3
Karnataka,MangaluruMangalore,CineGalaxySurathkalMangalore,Malayalam,22:00,Prime,150₹,64,0
Karnataka,MangaluruMangalore,CineGalaxySurathkalMangalore,Malayalam,22:00,Classic,150₹,42,0
Kerala,Haripad,MLalCineplexxAashirvadHaripad,Malayalam,22:00,Recliner,345₹,10,0
Kerala,Haripad,MLalCineplexxAashirvadHaripad,Malayalam,22:00,Platinum,165₹,10,0
Kerala,Haripad,MLalCineplexxAashirvadHaripad,Malayalam,22:00,Gold,145₹,10,0
Kerala,Haripad,MLalCineplexxAashirvadHaripad,Malayalam,22:00,Silver,90₹,10,0
Kerala,SulthanBathery,MintCinemasAC2K3DSulthanBathery,Malayalam,22:00,Standard,110₹,126,29
Kerala,Thodupuzha,SilverHillsCinemasThodupuzha,Malayalam,22:00,Silver,150₹,172,7
Kerala,Trivandrum,CarnivalMallOfTravancoreTrivandrum,Malayalam,22:00,Silver,210₹,97,17
Kerala,Trivandrum,CarnivalMallOfTravancoreTrivandrum,Malayalam,22:00,ExecutiveOffline,180₹,193,31
Kerala,Trivandrum,CarnivalMallOfTravancoreTrivandrum,Malayalam,22:00,NormalOffline,100₹,17,3
Kerala,Kochi,VanithaVeneethaCineplexRgbLaser4K3DEdappally,Malayalam,22:00,Screen1,160₹,210,52
Kerala,Kochi,VanithaVeneethaCineplexRgbLaser4K3DEdappally,Malayalam,22:00,Screen1Sofa,220₹,32,5
Kerala,Kuravilangad,BoscoCinemasKuravilangad,Malayalam,22:00,Economy,100₹,14,0
Kerala,Kuravilangad,BoscoCinemasKuravilangad,Malayalam,22:00,Executive,150₹,112,0
Kerala,Kuravilangad,BoscoCinemasKuravilangad,Malayalam,22:00,Platinum,300₹,10,0
TamilNadu,Chennai,SpiSathyamCinemasRoyapettahChennai,Malayalam,22:05,Budget,63₹,12,12
TamilNadu,Chennai,SpiSathyamCinemasRoyapettahChennai,Malayalam,22:05,Elite,189₹,102,11
TamilNadu,Coimbatore,SrkMirajCinemasCoimbatore,Malayalam,22:05,Special,63₹,21,5
TamilNadu,Coimbatore,SrkMirajCinemasCoimbatore,Malayalam,22:05,Executive,202₹,190,0
TamilNadu,Chennai,PvrAmpaMallNelsonManickamRoad,Malayalam,22:10,Classic,63₹,17,2
TamilNadu,Chennai,PvrAmpaMallNelsonManickamRoad,Malayalam,22:10,Prime,202₹,130,8
Pondicherry,Pondicherry,PvrTheCinemaProvidencePondicherry,Malayalam,22:10,Elite,150₹,167,6
Pondicherry,Pondicherry,PvrTheCinemaProvidencePondicherry,Malayalam,22:10,Premium,110₹,62,0
Kerala,Trivandrum,SpCinemas2KAuro111Peyad,Malayalam,22:15,Friends,130₹,162,19
Kerala,Thrissur,DevaCinemas4KDolbyAtmosPeringottukara,Malayalam,22:15,Dimond,150₹,126,126
Kerala,Thrissur,DevaCinemas4KDolbyAtmosPeringottukara,Malayalam,22:15,Gold,130₹,235,18
Kerala,Kozhikode,AashirvadCineplexxKozhikode,Malayalam,22:15,Recliner,380₹,11,3
Kerala,Kozhikode,AashirvadCineplexxKozhikode,Malayalam,22:15,Platinum,220₹,45,19
Kerala,Kozhikode,AashirvadCineplexxKozhikode,Malayalam,22:15,Gold,200₹,105,4
Kerala,Thodupuzha,AashirvadCineplexxThodupuzha,Malayalam,22:15,Gold,190₹,59,1
Kerala,Thodupuzha,AashirvadCineplexxThodupuzha,Malayalam,22:15,Silver,155₹,243,4
Kerala,Trivandrum,CarnivalArtechCentralMallTrivandrum,Malayalam,22:15,SilverOffline,180₹,147,24
Kerala,Trivandrum,CarnivalArtechCentralMallTrivandrum,Malayalam,22:15,ExecutiveOffline,100₹,26,0
Kerala,Kochi,PvrLuluKochi,Malayalam,22:15,Classic,140₹,69,6
Kerala,Kochi,PvrLuluKochi,Malayalam,22:15,ClassicPlus,180₹,138,16
Kerala,Kochi,PvrLuluKochi,Malayalam,22:15,Prime,200₹,108,24
Kerala,Kochi,PvrLuluKochi,Malayalam,22:15,Recliner,350₹,10,7
Karnataka,Bengaluru,PvrVaishnaviSapphireMallYeshwanthpur,Malayalam,22:15,Classic,200₹,85,0
Karnataka,Bengaluru,PvrVaishnaviSapphireMallYeshwanthpur,Malayalam,22:15,Prime,220₹,37,2
Karnataka,Bengaluru,PvrVaishnaviSapphireMallYeshwanthpur,Malayalam,22:15,Recliner,370₹,9,0
Kerala,Kasaragod,KaveriCinemasACDtsDolbyKarmamthody,Malayalam,22:15,Standard,110₹,145,4
Kerala,Kalladikode,BalaCinemasDolbyAtmosKalladikode,Malayalam,22:15,Platinum,160₹,17,0
Kerala,Kalladikode,BalaCinemasDolbyAtmosKalladikode,Malayalam,22:15,Gold,110₹,209,15
Kerala,Haripad,SnTheatreHaripad,Malayalam,22:15,Screen1,110₹,175,11
Kerala,Thrissur,InoxSobhaCityMall,Malayalam,22:20,RoyalRecliner,350₹,10,1
Kerala,Thrissur,InoxSobhaCityMall,Malayalam,22:20,Club,190₹,155,0
Kerala,Thrissur,InoxSobhaCityMall,Malayalam,22:20,Royal,190₹,32,23
Kerala,Thrissur,InoxSobhaCityMall,Malayalam,22:20,Executive,130₹,26,1
Karnataka,Bengaluru,FunCinemasSigmaMallBengaluru,Malayalam,22:20,Normal,220₹,66,0
Karnataka,Bengaluru,FunCinemasSigmaMallBengaluru,Malayalam,22:20,Executive,240₹,265,14
Kerala,Alappuzha,PanCinemasAlappuzha,Malayalam,22:20,Platinum,230₹,28,0
Kerala,Alappuzha,PanCinemasAlappuzha,Malayalam,22:20,Gold,170₹,265,3
TamilNadu,Vellore,PvrVelocitySilkMillGandhiNagar,Malayalam,22:20,Prime,189₹,158,1
TamilNadu,Vellore,PvrVelocitySilkMillGandhiNagar,Malayalam,22:20,Classic,63₹,18,18
TamilNadu,Chennai,LuxeCinemasChennai,Malayalam,22:20,Elite2D,202₹,126,3
TamilNadu,Chennai,LuxeCinemasChennai,Malayalam,22:20,Budget,63₹,14,5
Karnataka,BelagaviBelgaum,InoxCampRoadBelagavi,Malayalam,22:20,Royal,170₹,5,0
Karnataka,BelagaviBelgaum,InoxCampRoadBelagavi,Malayalam,22:20,Club,150₹,56,2
Karnataka,BelagaviBelgaum,InoxCampRoadBelagavi,Malayalam,22:20,Executive,140₹,14,0
Kerala,Kayamkulam,SvCinemasKayamkulam,Malayalam,22:30,Standard,150₹,108,0
Kerala,Koothattukulam,ShafasGrand4K3DNorthParavur,Malayalam,22:30,PremiumSofa,220₹,21,0
Kerala,Koothattukulam,ShafasGrand4K3DNorthParavur,Malayalam,22:30,PearlCircle,120₹,314,4
Kerala,Angamaly,FourStarMoviesManjapraAngamaly,Malayalam,22:30,Platinum,170₹,16,0
Kerala,Angamaly,FourStarMoviesManjapraAngamaly,Malayalam,22:30,Gold,129₹,222,0
Kerala,Kozhikode,EMaxCinemasDolbyAtmosRgbLaserCalicut,Malayalam,22:30,Audi1,160₹,175,5
Kerala,Alappuzha,AecCinemasAlappuzha,Malayalam,22:30,Platinum,200₹,15,4
Kerala,Alappuzha,AecCinemasAlappuzha,Malayalam,22:30,Gold,150₹,98,11
Kerala,Thrissur,SreelakshmiCinemaAmballur4K2KLaserProjection,Malayalam,22:30,Gold,150₹,145,11
Kerala,Thodupuzha,GmaxCinemasThodupuzha,Malayalam,22:30,Box,180₹,4,4
Kerala,Thodupuzha,GmaxCinemasThodupuzha,Malayalam,22:30,Red,160₹,184,0
Kerala,Nooranad,SwathyScreensNooranad,Malayalam,22:30,Premium,150₹,310,24
Kerala,Nooranad,SwathyScreensNooranad,Malayalam,22:30,RedPlus,200₹,24,0
Kerala,Kottayam,UgmCinemas4KDolbyAtmosEttumanoor,Malayalam,22:30,Platinum,250₹,16,3
Kerala,Kottayam,UgmCinemas4KDolbyAtmosEttumanoor,Malayalam,22:30,Gold,150₹,153,20
Kerala,Kasaragod,MoviemaxCircleKasaragod,Malayalam,22:30,Max2,129₹,195,0
Kerala,Kochi,PanCinemasNucleusMall,Malayalam,22:35,Platinum,230₹,7,2
Kerala,Kochi,PanCinemasNucleusMall,Malayalam,22:35,Gold,170₹,120,6
Kerala,Kodungallur,CarnivalMughalMall,Malayalam,22:35,ExecutiveOffline,140₹,172,9
Kerala,Kodungallur,CarnivalMughalMall,Malayalam,22:35,Vip,250₹,10,0
Kerala,Kochi,PvrOberonMallKochi,Malayalam,22:35,Classic,170₹,36,0
Kerala,Kochi,PvrOberonMallKochi,Malayalam,22:35,ClassicPlus,200₹,81,27
Kerala,Kochi,PanCinemasArakkunnamMulanthuruthy,Malayalam,22:35,Platinum,230₹,20,0
Kerala,Kochi,PanCinemasArakkunnamMulanthuruthy,Malayalam,22:35,Gold,140₹,152,0
Kerala,Pallickathodu,AnchaniCinemas4KDolbyAtmosPallickathodu,Malayalam,22:40,Platinum,250₹,14,0
Kerala,Pallickathodu,AnchaniCinemas4KDolbyAtmosPallickathodu,Malayalam,22:40,Gold,150₹,153,14
Kerala,Kollam,GmaxCinemasJerome,Malayalam,22:45,Blue,180₹,170,48
Kerala,Thamarassery,CityMallCinemasThamarassery,Malayalam,22:45,Platinum,260₹,8,2
Kerala,Thamarassery,CityMallCinemasThamarassery,Malayalam,22:45,Gold,160₹,102,7
Kerala,Changaramkulam,MarsCinemas4KDolbyAtmosChangaramkulam,Malayalam,23:00,Executive,250₹,18,0
Kerala,Changaramkulam,MarsCinemas4KDolbyAtmosChangaramkulam,Malayalam,23:00,Platinum,150₹,176,0
Kerala,Trivandrum,AriesplexSlCinemas,Malayalam,23:00,Gold,250₹,11,0
Kerala,Trivandrum,AriesplexSlCinemas,Malayalam,23:00,Executive,150₹,142,0
Kerala,Trivandrum,AriesplexSlCinemas,Malayalam,23:00,Economy,100₹,16,0